10000
-1816
-40161
15753
26157
42502
-10320
21998
21855
-48004
11051
29727
43634
-17592
44525
-12155
19300
3463
-45763
-47013
-26884
-514
28109
10885
39802
14919
-47298
23818
11529
-42698
-49245
13744
-2191
14567
11390
-39693
-10647
31623
-32825
33153
-15286
-3205
17900
5525
-15905
21520
17969
-3698
34617
14688
27640
25611
-26402
-7650
11644
-14203
-5023
-35490
43191
7625
6637
43172
24228
-13872
14779
11175
-45409
14877
-18333
11682
-34104
-29549
-47378
30487
-3866
-35535
4490
46208
45992
-29654
-14889
-37997
-28410
-47163
10399
-2383
-38009
-20146
-24253
17932
-13476
-27081
15728
18355
-31863
11887
6128
11195
-25276
46844
-21956
-39477
6166
24952
12239
-37724
-46018
48102
-20330
46123
-46091
-47345
26020
43605
-41908
22109
10178
42862
-41039
-7852
-27676
47173
10417
15496
-41546
22072
38039
7103
4373
41623
12050
-49245
-21542
36472
-3275
-32797
15889
-46858
-2504
-44152
19688
-18074
33788
2128
-12030
-42343
3180
-48024
39340
-31801
-13633
-24630
28647
-39074
-22406
31600
-27772
45990
28145
-21164
22670
-272
-28338
-28761
14720
-7621
-6262
1610
-24265
-1342
9209
22220
-13438
-19387
-36829
23104
-23657
14802
-34772
1018
-321
-9231
11924
11238
8625
-37975
-34726
20772
-15396
24914
-47748
16868
-34018
7128
9210
-44901
1234
-32184
8121
29503
-9626
7514
41891
-42843
6794
31548
-12565
29620
-41371
-25385
20846
5797
513
-20097
-48203
22138
-14170
-26596
-11465
664
-35099
-33616
28412
-8606
11850
-45051
19868
-25581
-34155
-6316
28165
48280
47554
35828
28987
43432
32132
45150
22106
2880
-3920
16985
-1416
-2785
36533
39526
-25818
16795
-5302
43562
-48492
-28129
33344
-4397
1620
16738
-38921
-41399
-16970
-6684
-40788
-39501
21299
40999
44847
-46365
-8090
-37464
-18382
-5953
18804
38489
10526
-49971
-7892
-33988
-23264
-47814
32810
-15267
37889
14887
46229
-39859
16755
41168
21192
-28041
-9274
-47302
-6098
-25119
-8549
-903
-46970
-16191
912
30683
-17754
16025
-2694
2421
34780
-49583
-37231
38471
27408
-15345
-26459
-22514
41381
44885
38798
6087
-42690
43191
43521
1531
5213
1943
-24866
40875
5543
15423
49190
-9575
-47677
47610
19306
21712
4481
-15856
12063
1458
15159
48380
-33842
-45924
44070
-1492
-49720
46743
12508
-40651
33878
10302
36275
40432
-47602
-15033
41431
-20844
-36030
-41295
-15164
-17583
25426
5992
8621
32006
-24415
-43433
22681
-12544
-46938
-3478
11464
41136
-2727
-24513
18004
-44856
-21939
12041
-47949
-35182
-8131
-12799
28888
-16468
-43041
13929
11705
-39645
22645
-44962
-33653
48939
-26814
26458
17193
-8391
24249
-39390
-35948
-1666
37233
-46733
276
-23296
-45642
12004
-40131
-13418
-5479
9752
19853
21983
-25273
5346
-46095
-15520
-6954
-29803
1959
-46983
-1060
35495
-14497
-35486
12250
-9118
21530
49351
-3722
14567
41044
-44547
-32186
-20897
32511
10400
-17944
-4993
-12347
31562
-4401
-25321
-21426
850
25463
-3209
22242
-46337
34457
20766
-33498
29544
-46117
44513
7779
-42967
-25857
-43179
38661
-1628
-19973
-6279
-15201
-2671
-6071
19842
-13397
42499
11188
-24924
47919
39673
22035
-45798
-25668
45662
44850
9107
-45265
11678
-39188
-48167
-36614
-1627
-33995
22111
-8067
-14443
-19948
43910
-2130
7267
-19859
-18868
33624
46031
34780
-26286
-14977
-16289
-4354
3112
-27167
-46121
47817
-6825
40024
-20490
-1187
-12118
-8739
36688
-6350
-2022
29670
-42556
1744
-47947
29104
40537
46333
-48182
-39560
17690
-25712
-7084
-18142
11818
-35003
33121
12797
6630
810
797
-32386
-45226
18070
11264
-2232
-27792
12793
-8752
47502
-45431
-49873
-18668
5711
-11784
-9970
-49865
14080
-1302
-15426
-38315
38343
-7525
-19384
10245
-19997
13367
-46105
27427
35849
-24051
3547
-33991
6730
17837
36061
40361
-34224
11358
-37779
47450
14023
-17154
-33177
-35812
19480
48407
32212
11161
14449
5210
14780
48411
-38752
5179
-24135
41652
33598
37161
27526
-35442
1224
-35352
-39913
271
38505
-33011
-2238
36200
-1068
22229
-29925
-49894
37580
31875
-11682
-43130
-29146
21620
-187
-36656
-48218
10528
40410
23599
-26713
-17969
-46874
-26189
-30281
26933
-48057
33363
-8162
14348
-12640
-47085
-34241
-29908
48490
-913
-17130
-7286
-35928
-25498
-42686
27114
46009
10117
23100
32994
31143
12206
-2939
20045
34652
-10650
-38209
36233
1332
-47368
-19791
14158
-24275
43177
6510
-2006
-38725
7417
22287
20062
14136
19794
45405
25071
-24456
-31951
26955
41481
16155
-39154
-22017
19863
-47780
-38903
-36335
-36169
6791
-8109
-47732
1854
-26553
-28938
-45454
-5048
6300
-26814
32893
-20455
26571
31605
19711
-29515
40016
-25
-43957
31129
30639
45423
-40788
10420
17224
-21227
-38157
-27803
29257
-13388
-5522
28242
12509
-17717
-19372
45602
21666
-12799
-26915
29784
47417
-42893
12974
-9556
-21674
-46308
26642
24168
22551
17855
-9980
19676
1457
21396
1450
-6466
6597
-48051
-43077
-8415
-23726
41571
-15072
-6863
44292
-2910
-29992
-40055
-38421
29006
35222
26065
-11354
-2192
46757
35799
-32386
36769
-47188
-21944
-36977
30097
33261
-9173
-1439
-15180
-46329
37179
-19915
-30613
12859
-30945
-1957
45611
-3637
29096
-17888
-4821
-18914
-14938
17796
49423
-31935
23431
35913
46156
8648
-13459
-4824
11831
-38254
35563
32414
-44593
33609
-22692
-13052
-40636
-47608
12544
38108
-20926
-45640
19795
-13721
3326
38067
-32468
-41197
-3749
-16662
46735
43826
35418
-29982
-19857
14182
29948
-14344
15748
-34280
-41676
-26074
-24731
-27224
-22034
-23363
39874
-32706
-10953
27634
40224
-27073
-40569
16214
14705
219
-24558
-23907
-1904
-16157
26438
-12801
2935
-3623
-19999
285
29469
41983
-3885
42780
-30002
11985
-22196
397
-27448
-21137
14370
42317
-6704
-8653
-42304
-41497
-40528
20641
47918
43672
-45619
2331
14009
-23861
37096
52
224
-22942
26481
-34340
46522
-29418
-13757
-21894
-31577
-38858
23265
-4199
-17583
-4213
-40629
32665
-32322
33436
21084
26246
-28427
20141
12866
1542
-33269
-47134
7227
-39829
16041
-28638
-40311
47752
-25156
5143
27218
-43648
24888
-17231
-41993
27547
-45079
37898
-39825
44306
7320
-21756
-30337
49001
44983
-29585
35224
-10532
-27863
47495
-22451
-40174
-25167
5657
6351
5262
37397
33414
-49753
12805
6414
-11872
-20561
-37078
14639
-31310
-13811
-20636
-176
7965
10989
34241
23446
-31204
41146
-5852
45728
25161
26553
47161
-4367
4920
46467
22473
-3051
11809
25052
-43766
14417
-15237
-16204
14798
-17684
-2652
19642
26427
-28972
-24067
46584
9467
-45682
25618
-16753
-26967
39614
28440
-48208
-37300
13551
-47858
-7149
17697
31999
3430
-11112
43024
13482
-3459
31224
31681
-23374
-3994
9287
28167
-32120
49829
-32216
34746
19449
4854
27052
-35645
26392
4398
-24055
29840
39588
2074
-36365
29351
-43019
-39612
41210
-30569
10473
-19629
8096
13579
12933
26226
2101
-1640
30698
8105
-17839
12661
-1482
-37881
-48435
-42902
40436
9762
48158
6016
15009
-34059
-5841
32568
41180
-27257
48442
40664
-29847
15404
-15518
-7135
37345
4741
14832
-21956
34170
19587
16041
-29262
24815
8809
45928
40251
35212
37647
-29443
20110
-13480
35011
11969
-23849
-45890
-38422
26069
43782
-44294
-42685
24470
-16348
-44931
-17971
-6241
17953
42173
12223
-196
31849
42269
-35787
-24282
-3179
-3148
-18837
30335
-32131
14492
33217
48908
18187
-48583
-37570
-24438
19659
44739
-9711
5966
-44578
-44974
-34701
24157
-23890
40102
15432
48709
18396
43440
-14011
32630
-46283
-25919
-14133
-46367
-893
2957
22545
-32277
4703
49210
-42848
40461
-18235
-6901
-4457
-12724
-41728
-37596
34703
-29520
27812
4345
-39271
3715
17402
-45225
5636
-8888
13909
39023
-20198
-3659
9444
-29798
41354
5518
-1951
31854
-27712
-10497
7078
34492
-49648
9878
-18241
36226
-10285
-19621
27226
-31084
-19128
-46387
33019
-30110
-41733
1883
28300
-17466
41250
8955
43122
-244
-27580
1130
20443
42078
11349
-44895
23347
-16821
7933
42704
6261
-8108
-35594
13338
-26338
-18701
17204
31372
-39810
15815
-45793
-41349
-26680
-25888
4123
26137
16681
-32092
24841
-39788
-32843
4156
-37594
-37397
-46660
-43681
-30383
-4146
-39428
27768
15466
35697
-23568
18742
18838
8076
10535
11408
-38209
39218
37231
-47725
-11752
-2196
-46929
44009
22015
18866
-31244
21800
-43429
-9307
-7101
-23756
47076
-22484
8942
43474
17601
-17720
36578
-47894
-4499
-12362
-15364
-28073
-38925
-25919
-18821
36527
15609
36514
-719
26474
-21223
-20203
-35948
41553
-34039
32761
-39503
11972
-10404
26179
-22112
48167
-41790
14944
32242
1994
28106
-45403
34567
2964
-3736
-25612
-48036
46155
-47278
-31602
-33727
-46365
3652
-25585
21865
22273
1571
14250
-14150
-16534
-32961
-26398
-16091
-15635
48081
-6781
38543
25929
10820
19419
19918
-38756
5296
2008
-13680
26890
-3007
27198
-7052
31942
-25098
7941
-49508
-41152
14278
21261
42746
40299
-15299
-21537
34311
28649
37923
34018
-10286
22454
22622
45015
-27274
-36434
47054
-17679
18053
41596
-46218
-24332
26784
31904
48954
27881
-15576
795
27204
30203
23663
11866
20897
-34223
-34808
-18371
-8376
4776
-5795
-26813
5979
25453
-20513
2836
-24538
-49420
18327
38538
42212
-9353
-33605
-28323
29440
-23217
7581
42154
-45703
7688
-36451
-24225
-37953
-9980
-14913
34182
-41285
3150
11383
8587
-22933
26553
-20159
-7125
36842
-11467
-34867
-29381
-27827
-27378
11735
-46190
-14230
-41503
-18091
-13644
35796
39643
40169
7484
-15711
24431
-15786
-25466
30892
-4140
-46768
25014
31030
-5127
4268
24488
39240
46630
14486
29813
35603
48816
41346
-38018
-40392
-24007
-35910
43033
46532
-43934
39797
32821
47411
-6419
14281
-8501
2678
-20205
42871
19491
-3314
-36065
-1275
12896
32216
22149
1450
-18551
-44477
31683
39618
24629
-26916
-32718
29184
32082
-15221
39336
19171
31346
-7338
-29586
-6175
22803
-33725
-47431
-19391
27114
42907
43815
24389
-39253
25450
-47912
-22940
8631
-32445
33191
-13547
39842
20161
10819
-26201
-23585
-10296
39982
14382
-22709
-7287
31889
32855
19411
-22396
12794
26813
-39805
-13048
30899
41460
-27380
43286
-27616
-33629
25873
-3068
-45099
6607
24719
-6467
18673
-2446
-11482
-18235
-32612
34090
31944
38907
21368
38541
13724
34423
28070
-18630
-27889
2898
-9543
42316
-1543
-23515
-9713
-12568
31463
34122
-783
32821
35274
6975
29512
-6485
14396
-48791
28250
15875
18570
9876
-30400
10863
2594
11960
15013
21539
-33542
-31688
34397
-25232
28603
43108
-40385
33650
-10232
17791
11169
27583
21583
-33541
17071
-15745
-4630
-9153
-11673
-14437
-37326
3690
17107
-12722
23266
-12878
-42108
3257
-22141
49477
38952
-16013
-17671
-11951
23368
33789
-28247
29407
12065
-38605
29381
-21511
-4579
-18018
14134
-38036
22732
-26490
39109
-27127
31236
23845
25926
-15066
48051
-10953
16929
41122
23932
-12083
13726
17957
7478
19137
-46580
47653
12381
4644
13263
49989
-46350
-38925
44548
-20296
-6730
49512
-34831
-1245
-21697
-39987
-4754
545
-35148
-27541
25354
-31008
11051
14017
32828
-48952
-2692
-29617
-43993
40348
-45150
-18798
-3160
-8967
31374
-13750
-41697
7259
3815
-9865
-6888
8543
45282
39939
4117
7683
23673
44088
35770
8714
-18613
29682
-25452
-49412
-5455
32207
38118
-33111
-47208
-48477
178
42574
-42784
23113
-3871
-33840
-11664
29971
-30513
-44634
-13005
-29502
6678
-22285
-525
-37007
13333
784
38000
-43796
6812
-920
18877
33502
-24617
44253
6904
-48344
44149
30409
-21884
23789
-44653
-15105
-1659
-16598
-35638
25455
-29289
-31837
-42478
14632
-5845
-9447
-21967
28823
25278
49015
-17307
-20626
-16808
-1044
17577
31521
-706
-33133
-37529
13033
-11979
-6771
35707
45291
-3084
35344
-38913
43827
17188
-10183
-14760
-7430
-37097
-19362
7676
33638
-47486
830
-41441
-31664
-31976
-22439
20665
-11231
164
42108
-19947
36374
834
-11884
5272
1283
32699
30052
-38964
14388
1244
34962
8393
48078
-20814
-20645
-4001
-29901
-16668
10055
-36254
-24635
-34580
1815
1778
12642
-12301
-29733
40421
36301
17928
6848
-44205
16558
-28387
-4282
-46913
-41329
-26657
6320
-10147
-6553
19119
48309
48100
43028
418
33139
44530
8033
19345
27811
-17578
-47129
45950
-23609
-19586
14832
36356
-42912
-46627
8790
-49959
-31491
6329
-11126
12131
-47219
39598
-44303
23508
20725
-16926
-37111
-37277
2301
16006
-19703
26312
-19451
-28026
550
-16428
16150
12462
-29198
49579
30771
-13928
-13890
-49409
-25907
19510
14944
1994
-2442
32376
-1199
-857
-23315
-16869
39469
13454
-25192
16079
-36771
11626
33680
49219
-15087
-4039
14422
-44946
-41978
17183
-28157
9661
18312
38951
-1698
33236
-2959
19160
20166
25283
-34416
35151
35407
31175
9060
-38049
23082
8089
-20889
-44254
-14084
-22793
17736
40186
9168
2861
12976
-18936
-20727
39296
-41689
-3640
36784
-39721
-15825
27591
31628
-1274
-42931
14723
-7569
-20072
25960
-43907
44972
46392
-23862
-1795
-30393
-1412
-12093
963
-5979
-14801
-13971
30917
-957
-11175
-45781
39434
-14942
31981
40554
38497
-29729
-43376
-27639
-9697
10561
-20063
24821
-15629
-19412
24873
22253
-35608
-24078
17887
581
44022
-24279
-10376
-17755
39813
-44840
-12470
-31567
-31488
9450
16764
-7644
12306
10309
-32244
41781
-4737
31861
-676
5212
-14783
-45342
21242
13038
36990
-39904
-18294
-43357
-41502
-44380
-26862
18073
-30849
-8684
-9567
19185
-20995
-24105
-9731
-7785
48767
19084
-28407
10336
-29196
32695
21391
14380
7031
18486
17167
47210
-22876
-15791
28356
-43013
22102
40496
-25137
38190
14530
12998
-30557
44171
2538
43339
43500
-47412
14463
1704
-49412
19652
-46314
11084
-4876
35139
35141
-34693
-26933
-33742
-33829
-47611
-4610
-34599
37849
18645
48980
10209
40145
-3776
-39827
-6637
-22119
9885
-5850
-21954
6860
-45164
3180
37048
-5347
46383
39163
-2276
-7559
21869
6097
29362
-2312
-32459
20820
-1780
-25568
-33272
8956
6636
-19370
-25713
-40354
-10717
-4831
5395
-17162
25076
-10627
-45684
-49743
-5513
-34791
23761
-4748
30266
46670
-8274
28749
33410
22972
-31148
-30380
20463
49602
-18166
31037
14973
-10951
-37887
44157
49831
42606
-33179
33301
-21370
9787
1903
-48032
14902
-6591
41431
-18218
-6982
29316
17863
-34726
12406
27011
-20821
-49241
28858
-9614
-17499
-25807
45983
11318
26749
-49413
35242
15772
-6475
-7499
-10483
-6250
-21478
-35953
-1203
33491
2774
46430
-22434
31610
39875
33577
-15670
18307
-3366
26098
36592
-48526
37161
32732
-28919
29649
-4733
25437
-14521
17544
32274
42529
6326
-9380
-39129
-16136
43460
-33119
30194
7197
-46979
-3139
32493
24676
-26930
219
38482
-12608
37611
-22903
-34323
39470
12749
-33905
-32339
18273
36243
-47637
4052
47403
-28055
-10227
653
-2076
34118
41260
31805
24634
-6545
-20476
36114
-7146
22809
10093
-28360
-7066
38412
25689
-23158
30477
28707
-32919
-41850
-15773
40815
15436
35801
-34006
-6245
12310
-41286
15054
-38965
45049
-12589
5816
19453
2530
-35591
-6640
31954
-8686
-5507
1964
-45626
-27177
-11974
13849
27866
22279
46831
-15900
16467
18361
32263
-41434
-26469
-896
-15917
16458
28742
-26684
-48838
12572
12463
41310
-2777
15664
9920
-19248
16864
-29684
-39887
38783
46487
19668
12327
10031
6617
8080
20030
-48519
14499
-37285
19937
48843
28565
32426
32374
43836
33247
-29162
46071
6826
-29256
-42583
25435
31954
47149
-9343
-11181
4908
-30442
46596
40720
20160
19780
-34399
9761
23017
10999
10814
-30086
10628
12940
-3196
-41679
-26188
26931
3139
18466
31126
-41249
-44190
-39949
6268
5495
48327
24625
-1527
26473
39007
48761
-42584
-29346
14283
-48397
10377
24361
-14872
-47240
-35432
38361
37593
44148
27099
20909
-15501
40838
-46551
-36665
33893
43941
24066
-29767
-19967
31101
-17938
-6660
11787
-36297
47030
-5024
-49410
18774
-39047
24926
36149
44861
-24852
-34423
35773
-38705
-5390
-32350
-9420
48398
12531
-20277
37693
17477
12572
46323
-4540
-10911
13234
31984
-3000
-44614
40724
-42485
-42038
-4241
17709
39445
44273
-42193
12179
24280
47383
-7884
46079
-23320
-18253
-42614
-21719
-13224
39555
-43858
22623
-36792
27990
-49295
12802
572
41684
49148
14653
37353
-9717
-13043
10018
744
-32201
30463
-13373
-11251
-26580
3624
-48630
5201
18595
15452
14966
19595
-14433
-23186
-19150
20285
8763
-33865
-21165
-30422
8914
-39345
-31986
-24442
-48246
-42184
37716
-8538
16093
-9157
-33556
5655
38662
39882
-31861
-12854
23845
37156
33682
-21300
20047
20727
3587
-14956
-8587
31743
-27647
-33098
-41394
39212
-6204
-21067
-47580
42211
43030
48597
10008
29339
-14931
-19443
-46221
1607
41477
-6053
-22517
-48973
-42918
6034
35342
2248
16190
23663
12558
4010
-45411
48330
3688
-33920
-5525
1319
-46926
16627
25893
-10709
14497
24751
-6291
9356
34292
-35256
7996
-1278
-8383
-7274
28259
-28327
37978
36128
22050
-15000
-15140
-10089
11972
-49188
37747
-8807
28661
38926
10157
41622
-30142
-17933
-43398
-47697
37579
47186
-3172
26
-22297
-43024
-41807
-7006
-38956
-36889
9850
492
19864
4341
-29208
42452
7898
25777
-24990
14453
-18025
-18984
4149
48840
24705
33030
47448
18820
10138
-7168
314
6500
-49847
-10515
-27861
29158
37431
-39579
45476
23471
26633
-31678
-4749
-39380
-19270
-9293
15815
34323
-49100
-19088
-32139
1288
-26198
43271
-27355
48347
-26411
-7371
45724
-31665
29929
22544
-22298
38934
-32332
-16447
-28993
-16809
-13582
-3153
7455
2546
-42864
-36138
36576
-49670
47771
-31721
-5139
23745
23268
15465
24073
32017
12754
3373
35896
-33258
18404
-37889
-33330
-22790
45058
-22968
42386
14248
48254
25808
48719
-39118
20685
-43023
5399
-18514
37884
36167
20724
-42405
33840
19396
26381
49697
41278
10592
3665
23223
-5500
-18547
-1021
22558
21154
25864
-32190
18538
-25127
524
35315
37760
44574
-45024
-17235
-39845
13370
41073
19393
2921
47521
-18982
-10332
-27789
-41011
5247
-43109
-23143
31671
-43494
-44222
-26789
-39182
-18036
19416
17525
23236
-7403
-36085
-606
12449
6687
-16773
5441
40741
-23435
-2450
-7787
-45458
42033
-46832
35110
-24236
-35854
-28
24165
-48634
-48596
-47189
-38772
32739
40153
-11697
46244
-39375
-23954
48429
-4896
-4131
-42999
-21730
-27737
752
23302
-28160
16879
-23383
-18095
37989
31077
-11299
17205
7288
-28055
22153
21299
-38681
-27243
26863
-34929
36049
49662
35444
36740
-9970
-26220
43125
-30697
33461
4836
11617
-31991
-7090
41084
-41544
46469
-40523
-48466
-16962
47610
35719
-8690
-37125
12739
-15475
15350
15730
32034
-26142
12200
36508
32779
16482
48179
-24415
46908
-16399
-41393
-45518
18186
36389
18115
-6715
29111
21424
16326
44430
21024
34606
-6494
40887
-21357
26088
39284
-23812
-35938
-48989
-9296
17605
29185
46440
-21086
-5503
17093
-48175
-41233
-17669
35879
-32532
48826
33916
46253
29359
31554
12829
-12967
-37512
-6391
6470
-47493
-6304
17711
-1720
-2784
39516
-32771
38132
-38519
-23250
-6275
-4618
18551
15567
38822
-44271
19297
-13839
13910
-22184
-28920
17589
43641
9542
-1662
-40856
-10938
18587
-366
12442
1480
35988
-23847
-4323
-8135
44294
-37274
27286
810
42774
10153
-17149
3072
13176
-49403
25097
29177
24930
-28093
1400
-32980
34988
27139
-20003
-8977
32006
23534
36293
42449
12534
-4057
40361
-43609
37772
22847
-26790
7172
-4476
15496
-3702
-14142
-28200
22465
-31883
9949
-41089
-32208
-40502
45790
-17434
33647
-21798
46006
35561
-28867
-25925
46112
36783
-20268
11033
45225
41375
15419
38522
33995
-41470
43985
-30388
22933
-31882
-11958
25422
41318
29836
37495
26008
27896
-29152
3965
19623
17498
-43181
10472
37129
-4554
710
-31975
-47903
-9327
-2892
-14790
-26024
21392
17548
-31726
-15584
472
-5974
595
-36602
25390
-21007
-8911
-40012
-24995
-11512
-27123
-42688
3221
-13074
-38832
-31628
11569
30587
-35405
-25190
-34447
40084
-933
36772
-21306
-45366
-42814
41686
-36340
6896
46096
-19951
-41711
-41224
-25111
5916
49556
36297
46975
-28463
-32535
-17218
-30840
-26815
-25192
7806
20331
20773
40805
-38157
33204
11138
-42965
10057
-19737
-19528
-40606
-26586
48369
-31065
-40512
28000
2586
37374
-15301
-34849
-33802
26466
47979
-26480
-294
42872
-17842
-34621
-13300
10255
14438
15427
27540
2061
-31107
4431
16943
31476
29096
985
32162
20688
-37143
6202
-45877
-3232
-37105
34543
17298
2654
-27911
14101
-25249
-14899
40727
38269
25222
-28802
-21647
-3157
-25091
-14849
-32575
41745
3406
1121
-47973
25859
-3673
-39964
-20307
-46185
-19473
-26463
8353
-15909
48435
7123
43167
-21486
-21441
48963
-42705
-17300
648
43855
10429
-40735
28997
29271
35861
-24566
-38658
48515
-7986
-43491
-44899
42868
-6749
25539
-319
38950
-45668
-8745
-26254
39838
28107
32925
-7601
-33898
-20685
19964
-48734
3842
-14525
-31399
-47307
-32578
13119
2610
31293
-40906
46015
-46092
-1324
-8975
-911
7098
29734
-31429
-48678
-17277
-31806
-23122
47258
5325
34896
-18052
30126
-1420
-42975
-42564
31438
35841
-3423
14286
-586
35089
17705
-6803
17794
-44669
-9327
43760
-1869
-18627
-37661
48892
-29490
42812
25100
-42870
27684
-25930
19659
3312
-21652
48783
-24181
47759
-39893
-973
-19794
35417
-40266
-8266
-7169
-20420
-22129
-7098
6985
47120
43531
12649
-39546
42649
34100
28377
7919
46904
-18454
-41480
17875
-47596
-39196
-15566
-7005
-29599
29684
13742
33289
-1845
35113
-49328
41785
2625
-48786
30926
8352
35936
1231
-48147
34329
28891
-7396
12663
21791
-27932
-1530
-44709
26396
-26342
-32665
-26302
-47041
-21330
-21506
-10839
-39380
17076
41496
-36768
-2002
-2013
41738
-27586
21832
-25592
45018
22590
8201
29102
-2979
-23494
-1763
26626
-16933
-10782
-3136
-32506
-28881
31225
-4371
-22028
9802
45293
-15147
-34100
8535
-4975
-12981
44220
474
-48168
221
-22196
-24782
-19664
-22979
-48189
16381
31065
-1667
20537
-36325
42465
-35144
889
-24566
-9571
22349
-45230
-20944
-20123
29671
44668
-47752
34221
27352
-38718
16467
-29092
-14012
-17041
-10656
-757
-11687
24505
43046
-7173
32925
-20635
-42691
9683
1824
14261
-23955
47669
-8400
-36427
47887
29852
-46069
-44258
43663
-25963
20558
11652
-32909
-10666
40812
1507
30613
-13825
-39461
30593
8684
-48948
-38007
-20769
-10615
44564
-5588
29569
-33155
-35263
-11146
33624
-8
24300
-19577
44393
16524
21556
-3492
17308
-29424
-24741
32646
-926
-46816
-49570
25846
20355
-1950
4206
25140
6692
-19868
-5681
-48722
44050
20480
-23667
-42515
21293
-27359
-21418
-43004
-12076
39648
23929
6370
-31415
-26681
33368
-32665
-39552
-39466
38540
2002
45193
740
-14922
21881
696
-23139
-12611
-42222
13325
19946
-41527
31982
12229
34511
33723
35462
15805
-23411
-48057
-2035
-29282
-38936
1391
-22332
38569
32642
-16227
-691
-47329
-39002
-5124
8472
-45682
18529
-35372
-2311
45428
-42549
2560
-14694
-19151
44900
23854
3212
-37971
-391
8946
-25991
-20573
33637
-27353
12789
29737
13940
-28093
34611
10461
-20861
48182
11796
13005
22371
49759
-49094
-30301
16125
35659
-40646
25547
5679
41675
-32208
-47581
-2412
-37264
36012
35710
-10846
7878
-23253
23828
-14515
3562
-15487
-29622
-19319
17866
49169
-43687
7821
21431
-29345
-37570
47826
24969
-39524
7550
-4422
34384
3041
-18253
18702
41042
-36681
-13225
4064
38950
-34221
-16053
14287
-23413
-11105
-36123
31241
13317
-39053
-18251
39883
-14794
-20253
6738
99
38709
1330
-29627
-39689
1838
-28124
14129
-3746
-5386
-31151
-31458
-33844
-35160
8149
-18495
-47221
25505
-9596
-37239
28164
20373
7835
-48759
16477
42572
31442
-5603
24445
13116
24781
46555
-7957
7427
21970
-2409
48693
22274
26932
38674
-30772
-34031
21230
-15360
-19477
23683
13804
34709
-30631
-24841
28547
28556
14852
-34057
769
9204
-24402
14961
-19009
9655
-7772
35088
659
3399
-41560
8214
-19455
18759
-19856
-25096
-11054
41972
-46105
-39754
46845
-34033
-34446
22869
26689
7016
-34419
32891
-32715
-30681
31732
46919
-34346
-36646
-36322
47114
-32704
-2857
-23133
31526
-16104
-6868
-7138
43329
-20699
39563
-39155
6278
-26913
4427
33205
4248
48160
-22499
-13437
-7148
-11720
-41524
16749
46594
18940
-35249
-16297
36247
-15234
-30289
19602
5227
-2824
-3408
-32513
-28046
10337
7262
19889
-43911
-15038
13620
42799
-31874
3874
38956
-8903
-8148
1661
-48578
-4862
2226
-7564
-1609
-4836
36031
16350
-11784
3730
61
3293
-12217
36910
-4697
-10549
407
-16965
-45945
-26798
22575
17796
-6064
11803
17433
13563
4149
37758
-33111
-49546
24293
30040
-37560
35732
-45180
43291
-35268
-706
-36217
-11617
-17099
-16568
-19797
-17674
22135
-13930
47122
4477
-37441
44700
-47557
10863
-10732
24349
9821
-11404
-7540
-49675
-8896
-3562
-48456
27730
-19496
6292
-23539
-27811
-3650
24719
12719
8087
-39315
-29887
45211
22590
-32618
-35698
39698
-42961
33761
27443
19038
-7995
15200
-6533
-13438
-45057
-5359
49361
-20190
-12288
-47887
-16465
-7093
19024
-36904
35316
38337
-40320
45428
-27723
34884
10987
20549
-24982
38974
14231
35698
-39991
21004
-14053
-49753
80
-32666
47931
-33620
-709
-39412
-48978
-24957
40694
-45234
-31807
40637
26445
30936
2836
-27495
22143
36729
22114
-2342
24016
-42417
13982
20452
23837
43921
15928
499
13451
-27303
7743
13304
-41031
26667
-41471
-39951
-42764
46118
-8210
-3004
36552
37573
-26501
-1448
-14797
26322
6978
-28752
46582
-13975
7654
17604
-44474
32517
23252
19101
31679
36873
38437
21261
24759
-42387
36352
18345
18480
37122
-196
-12539
11751
17732
21731
23786
-12150
34875
-30542
48406
23015
15278
-5954
31056
-22657
-29083
-1232
27750
10201
-40583
35665
37381
-15501
41786
-44863
44148
-16333
-17636
-25440
-49747
-35909
-7649
44623
-45990
-13381
-38694
37649
-33048
-7903
-38812
33740
-3734
5419
45566
25516
33645
-25667
-6432
-48666
-20333
15630
-18274
25113
15087
44893
45207
-22128
7836
-8159
40859
-48571
-30343
-46147
-39754
42175
9317
38450
7644
-39300
-29997
-31089
-27213
15242
-33142
13956
-35464
44400
-12932
-18636
45071
22857
5825
44265
-15478
-31600
-2993
-42047
29653
4535
-47464
-35034
-21156
3889
20288
-581
-30118
-38768
-20198
10930
-31809
648
-29634
37338
30684
-29261
-18007
6710
26766
-10642
13936
-9303
1509
-6720
-9918
-39795
30833
34266
17210
-26141
-27608
-17894
45118
40037
-1963
-44950
42647
36984
21024
45957
-45619
-41347
16534
5114
-49410
29861
-5739
-26584
7770
-10428
17238
7242
-26530
12447
24184
44076
-15765
-7968
-1691
-6277
41603
21480
47683
-42212
23776
27812
-16839
-32494
26993
-22216
25307
-35549
-43695
6295
8469
1044
-17755
-37067
42096
-21456
-7758
19924
-22237
31688
-32007
-31334
-48263
-37356
-9583
-4476
23483
-37289
-40353
-23309
41595
14785
7859
5061
-35204
-37457
39938
-33249
4576
42797
-48228
-37082
-39568
4827
42730
-8627
25346
42797
-11802
-28024
34474
29324
-14858
-9601
-34369
4986
9670
38654
11784
13235
-31071
-12631
-44189
26990
43596
-48019
-7438
12451
-27873
-32110
2659
-46521
-22623
2412
33787
-42669
44895
-31663
-35330
-46461
-48056
-18299
8445
-9990
-39000
6704
25500
34
-43617
11057
-44865
2353
41597
23917
-26928
-18041
14973
-5184
9520
16980
10459
-5709
-11112
42135
4339
15438
-2390
43936
1208
-8955
-3943
44471
-40083
22606
31153
23062
-26717
3955
-32827
-38671
2416
41315
-1036
-30346
16360
-48125
-22986
6447
27003
-6367
-32280
-48987
31403
30281
-41294
41374
5224
29392
42610
41383
-13719
-47922
-8985
4876
15753
10153
22939
11972
-8068
42508
-33203
-39542
-43731
-32362
-15909
32454
23285
-33457
2825
43883
-16934
-28203
48752
47321
35202
47253
7782
37410
24722
-138
-39035
47722
-47833
41839
-35973
-44889
-4688
-13928
45486
7816
-5658
10941
34921
4082
-44407
-12561
-31160
38790
34169
-35851
7708
-31010
36526
-45887
-43749
-31210
17524
27997
-45849
-37881
-48954
931
24473
39086
38246
-25172
17898
5004
-19722
-15840
-930
-16953
17878
37676
27629
7309
27450
23826
46159
-36584
43815
-24966
-11484
-49427
-12630
12070
-19299
-37121
16598
21188
17514
15888
-39432
-43844
-20447
11448
-11400
-34807
9064
7422
-4882
-11451
44767
22083
29855
-43492
-28723
21598
9075
-27133
-9979
-22046
-37580
-48383
19188
4283
-48764
-11157
-29206
40151
-20453
2478
30211
17794
-22468
-15259
-8495
-36342
43859
-22965
3624
11106
18158
-39126
-28571
-25823
34805
15058
18748
40778
42055
33189
9405
18758
-10190
49199
-13695
28141
24399
-21453
7895
-14012
6104
12928
19813
-27903
-9338
-13502
36445
-16278
-26773
42229
49567
-36613
-3991
7093
-46971
-42459
-4563
15120
-29745
-20172
-44052
-3
-11830
-25783
46072
14374
-39201
-8441
39390
-47455
-43754
-38231
42336
-41251
41638
25584
-13270
11191
-21030
25402
-15245
16523
43489
39213
-35182
-35864
-47343
43988
-3462
-14756
-5159
-35520
-23756
26959
28738
-28336
-44905
48044
49538
-25589
-36249
38138
47101
-44406
-30009
-46199
-15241
-40525
39132
32071
-37094
20768
-26081
5042
44321
-25219
5694
-6488
-34049
45776
35153
16026
12655
26292
23668
-34913
47065
-32642
-31834
41444
-47747
-38496
-26948
48066
-8577
40715
-3198
35976
24175
-44177
-19281
-47145
-30445
35902
-18748
-6643
16148
-7121
-21982
-7144
-7070
46495
-29947
-6964
-20187
24881
17696
38672
-24799
-14858
-14250
-42157
-3548
36136
36242
44156
-8080
-144
40516
-17057
-704
-3417
47993
-11925
7256
9722
-24299
-37568
-49267
14598
1392
-49090
-30610
-31261
19498
-5640
-15026
28478
7884
-18136
45967
25470
41341
-2052
12269
-21881
40669
31662
-1884
-44643
-2462
30705
36702
22720
9548
40391
-31555
19606
-22137
-38033
35490
-35353
15485
-32388
41175
22306
-21963
-48831
-20673
-31204
42124
-22295
1560
23096
47022
-1597
-49302
11842
43889
-6598
-35473
-16554
39887
-8478
-49825
42334
16830
-28594
-31018
48376
8941
-34273
19396
28437
-27843
33975
-36590
-30946
1721
25740
36524
-13070
-6476
-7593
2511
24202
17438
-2356
9072
-24867
1634
18117
934
1631
-37825
43831
19573
-3068
-11807
-16091
2136
43491
16059
-32973
-44822
4661
-12764
-2797
-37263
-49955
-20341
-36805
-37624
-9951
-4712
-22504
-6712
-18633
42912
-17988
-49134
5467
22564
-47726
-10725
-45316
24199
19634
-38540
11319
-1078
-20624
9429
-38758
-15066
27279
-7738
24107
44710
49107
-11958
-48639
23038
17300
-47256
-2768
30443
-49169
-48105
31490
-48343
33814
47205
-36671
28107
-37561
45476
10225
-40102
-19750
45874
19866
37261
-2029
2627
3171
-1918
11864
27757
-36038
7734
34365
-6640
28432
22246
-19205
15648
-20255
-3133
-19905
-38480
-41135
-7796
-5762
-1763
-12622
-38902
4742
-33868
16418
-1715
7760
4833
-9135
17342
-2670
29621
-29823
-34079
28113
-26381
-35162
-17942
47475
-43561
19981
41592
-30350
39683
-27784
-20014
-7667
-33816
-38681
-46019
26328
8909
41491
-2377
-9548
32703
20211
-31021
-15174
21589
-40030
41777
13840
-19233
-5608
-16711
36158
18315
-44140
-28204
-15846
15027
-30469
-3416
-15169
-49434
31098
29710
-26628
-15087
-20504
-26479
-5303
-6326
6183
5764
20277
-30247
33225
1473
37371
-6620
47246
35610
-35406
2645
-47733
42494
27299
-13558
-48345
18442
-330
6104
-28864
-16728
-43099
22781
29419
32457
-26830
-26559
280
29755
-40236
-48056
12851
-23257
-46868
44343
-29242
25353
2103
-6848
-49380
-883
13596
19563
40960
-8093
26181
40003
-9884
-49538
-49462
35419
6303
-20530
2728
-16869
31534
-49064
-48015
-6517
-45830
8591
39678
41658
-43014
19314
25407
33931
25871
31554
-26734
-48035
35501
48317
44050
-21162
-15014
-3620
-39513
-33045
-8881
16133
-36709
-28018
-29445
-23986
-34963
36693
20519
44559
-226
-32093
37748
-10718
39593
-27339
3265
24666
35504
4619
14696
36445
21393
9552
20936
37856
49623
-45240
40765
-3971
17965
40342
25195
25075
2957
20039
42138
-18213
-19593
15486
-25253
-9694
-3587
-45827
-37207
16424
-24325
29005
-46741
29171
31716
23306
38582
-29519
-21289
-30803
45583
9960
-6575
9047
29549
34140
9340
-35305
17629
42204
34020
-2247
5759
26089
-18934
18732
11566
-34011
-22158
23789
-34915
11987
-44233
-36107
-13219
-34127
16319
29244
-46053
-28433
-23575
-48408
-22618
5643
4194
9974
35534
30602
-34282
45860
-21144
23092
48388
-35560
36718
173
-9461
6641
29219
-13204
-7904
27336
-27436
-28902
1954
-11038
2330
-39000
32868
-7659
40732
-31603
-16759
-43212
-27758
1979
9391
-8359
-49404
26365
-9055
27950
-11471
-32849
-30512
-49256
5483
-3878
4028
22273
35999
35051
-18611
-38271
-17774
48782
-2914
-12857
45639
-29844
37017
-21975
27614
19454
-18691
-29594
41814
-2835
18075
-46316
-17677
8008
-47775
-42484
22235
-4127
39725
-46290
44538
-45916
46308
14097
24805
-38507
-16997
45067
-19973
14117
-10447
-47430
-13624
-5871
37952
33453
17699
-23433
-44024
30770
-13353
-47531
-6484
-46052
-24033
-33152
36376
11056
-2710
-162
415
5868
-801
-29632
45156
2965
18586
-3872
-39986
-11940
-44941
28051
22015
-13235
19424
-214
35933
-3373
-29007
-32341
8495
-25109
40313
-16153
40996
7011
-18548
-27240
17324
18927
-36924
-21927
6026
-10904
9886
-2462
2433
20865
-4223
12350
-18356
-23192
3902
4970
-30678
-10828
45139
4237
30454
-22191
-49142
-26769
-1099
-40154
27967
26807
36296
41087
-27330
-31931
36385
-47396
-24149
-23000
12658
4245
-21637
41852
-37536
39368
-47969
20772
-15625
-47839
12897
48897
-17832
-28732
25126
-19572
-24563
-38054
-36268
-12554
13726
12054
33997
16345
18427
44419
6170
23321
-24455
39148
34467
23613
2714
23911
30842
48933
43461
-46497
-7113
-3801
-33644
31260
-49282
-26583
25452
32305
49693
-39395
-42104
34338
-2575
-43404
27406
21136
36937
-8928
-9661
39235
-33278
-19573
-3622
8211
-48495
-25395
49223
29906
-34945
37710
35442
26393
-20914
1593
-4729
-5170
49562
28952
-14101
3919
-35525
-24334
1609
29214
30663
-30530
39466
12616
-15724
-20286
226
-7629
21467
24973
-29945
49892
18008
8781
32701
1163
12430
8141
-24339
34603
-15417
30735
-34156
31114
18649
30114
-23721
45681
43333
-5728
-18316
48704
-4071
8743
-43660
-40462
-28972
-39150
-1891
-44664
26345
45907
-8764
35956
21885
4591
-33152
22820
-1301
-4683
8761
-42103
10983
29629
-10946
14756
-6496
-25958
-5578
23980
-48770
30555
-37745
4734
46250
1443
32627
45889
-10995
37731
-12520
-11788
6513
40753
-35178
37431
-25629
24488
-10637
-23437
5146
13691
40794
-42873
10898
-14345
-19957
-43216
35793
9780
7756
7251
38923
35223
-38596
-15862
6112
-33081
-44920
32458
28898
-11766
-27657
33133
39989
8188
-39776
-45376
39215
35340
-1925
17547
-22656
47698
-23915
9112
18667
46416
-40515
40482
34353
-1371
-38181
-20868
-23313
-28376
-7936
34810
11838
29287
4281
-41856
24152
-21061
13789
20646
-1062
18856
40390
-23772
24645
21198
-31460
34464
16287
18031
33485
-19407
-40810
-24482
-9863
28366
-43227
-43648
47017
33368
19855
40610
10015
-43167
3399
-5322
-24599
-21704
25618
3403
-18033
7411
43237
-8217
21868
3671
25224
-37052
-1286
-36506
20796
41477
-19930
10117
-6952
32372
41314
38697
-46897
-28103
40281
-44162
-2962
-40456
-27555
34772
-47135
-41624
42044
18374
-10923
2796
-31471
30440
-42792
-18257
11511
780
-42691
10305
-46663
18097
24891
-31704
-26844
29001
27157
43653
-44162
42150
42836
-24731
-45969
-46272
-20783
22816
-45443
5765
-37489
44049
-35273
-29699
40708
-40205
25287
-5447
-14183
-46028
8810
-5768
-19129
22584
-15556
-45547
-11679
45869
-27412
-44367
-23824
47846
-22385
11672
21305
-36329
-23600
-13709
-10245
47308
42149
-29335
-14891
-8890
-8515
-17870
22724
-25165
-47339
9082
-2326
39017
-35255
15663
49514
-49121
-48408
3687
33008
41639
-4063
12496
-10546
13196
32634
10741
-17952
-6844
-46657
-4406
-39311
-47790
49527
-28203
42807
-29605
-47822
-7719
35193
-17086
23134
-11392
-32367
-10590
-8199
27268
-5972
-12888
20097
25274
-1939
-36597
23847
2075
30610
30633
-45758
-1679
-8689
30431
-23520
-12102
-35466
23780
-19305
-35300
-11687
35395
12218
-6427
-43866
36403
-39833
-9634
-17584
34708
32381
7308
-466
-41720
-44789
23458
-26595
16876
1123
1702
-30175
-21774
-40051
41406
13097
35581
-16104
-34025
6831
-38377
-20597
25682
30079
-78
-12710
-47476
25103
42873
33876
11912
-17811
-45294
23673
858
38199
34740
14441
21331
-13438
13439
4312
-29884
47006
-37509
41693
-39375
-46351
4944
-38998
26516
-20256
13695
44469
33227
48845
-32323
33845
11263
21401
-12822
10281
-39950
-3766
-32623
-26254
46820
40808
30
35808
12385
-48286
33398
19498
22026
-1394
-19720
38455
-225
36365
44911
39898
26727
-7252
39984
-37093
-29253
47367
-11753
591
48501
40360
43128
-11607
16496
-40147
-32316
3274
-44292
-41496
22171
-30476
-12032
20959
-47992
39421
-18324
-46572
-42467
-43073
-38885
-49153
5867
-13780
-16703
-21160
-18722
-40738
17655
5969
-33100
-46131
-49856
46015
-32456
-14791
-47210
-5447
48415
41895
-5482
30680
29886
45865
-41435
46911
-26170
1622
-46531
26677
8606
25465
48249
44973
-34693
-4827
-12263
-2041
27677
-19003
14609
-45073
-19319
-32207
8148
-27198
-16097
46909
11129
2161
22839
-20500
40615
26687
12317
48099
49091
49380
-37434
31448
-28398
48404
5166
-5784
25709
27578
-14448
9639
-42143
-36899
-29823
14547
15199
3621
-31575
35458
47271
36343
-33409
-44871
3627
38587
11136
-29730
-40957
-8193
7307
39845
24494
-39308
46524
42439
1343
-7914
-48797
-13231
35179
28618
20640
-48743
3725
-1761
2942
-9749
11796
35575
-7511
28545
-38197
-39457
45581
-24207
39138
-14854
-36756
-10240
-18434
1628
-27076
48436
20186
-45038
-15045
5096
1079
19359
-17937
-36616
-22520
-46400
16062
-13860
-4813
-30127
30663
30546
-33916
-5143
39804
45300
47508
30144
-2755
6792
-27727
-16814
-5455
-35146
43723
-10117
-43005
17172
21019
-23871
26391
-21315
-29393
41233
-14040
19393
-45034
46434
-42337
21814
-5211
-2442
2706
-25556
44579
20127
12886
41502
25304
43230
-9822
-37437
-38260
33574
-25693
-12412
-27329
-4640
-23083
15465
-38555
31719
-2971
-10579
9243
31955
-30368
-37520
24971
30195
27862
-10262
28759
-43693
5169
10684
11654
-29955
-39828
46019
-5272
21884
-21198
44934
18184
39356
28853
18191
-17907
-13938
48423
-33066
-27668
34407
-20776
-26439
27470
4615
8108
8776
15546
5367
-3432
38908
17727
43499
-18375
34344
-8929
-1784
-21934
-4153
-2597
22815
-44256
-32779
-38665
695
-20741
41178
-45622
-44727
10155
37281
18149
45797
36388
36071
-31587
-24110
9696
-44050
-45865
-26830
3064
-30223
49263
33891
-39170
-49518
21508
-31454
-29446
6671
41091
-42933
-13409
-4589
15727
2043
10122
8777
42442
5558
28022
19980
13507
15172
27998
-45927
31900
-7465
12240
44294
-10634
7560
-47542
-22644
-6181
17375
43925
46527
45992
34608
-35814
-8162
-49899
26050
32357
-20922
-49693
17004
7445
2817
-21055
-9799
-19108
-32708
30074
4106
-27111
-4138
-6114
45114
29200
-41676
9419
-38883
-25821
-1839
-24935
43073
16847
15475
-39265
46839
-4922
20633
12773
15723
25380
13840
22023
21774
-39696
-28635
-13086
-37291
24177
-13612
-2690
-43014
-48278
-46113
-24360
12672
-5708
-47141
-28245
21493
42198
37412
-10726
26064
42371
-5007
32477
38201
36817
24962
18822
-25624
-3535
-22794
32495
28165
15280
47353
46817
45391
-30647
-4742
13699
-26248
-11452
-6694
-40770
-41843
-29585
-47680
43881
40116
-8104
32778
42645
-19442
-11964
24638
-41129
-47845
49455
8863
-20691
32221
6400
30555
17583
-42091
43720
-8991
-14828
-8470
23128
-19792
17214
28552
42620
27082
38307
7620
42679
38023
-42632
-28802
31356
-38106
-47876
-35233
2886
-11842
30079
20162
-46955
26547
-49075
4591
14246
10853
-29829
1954
12717
-49246
-2419
17579
28081
-23333
-35615
-9394
26469
-22285
46012
-3478
41119
-36588
-43442
-47817
-1642
22908
-30172
-16952
-17059
-46219
715
-20400
-12330
45027
-22500
-30366
27989
2966
14088
22928
-47438
-3041
15329
10709
-20694
-32065
5090
-9010
-365
30938
18172
14274
-1542
4459
-43266
47331
-773
7857
-16447
19853
-1956
-33113
44749
39339
-49146
40690
-45940
13273
32225
3603
-45367
8003
9676
21340
-46429
-9971
-10315
29247
13108
40684
-40261
25090
-15432
34129
2973
21647
2653
45318
20414
-18232
-26426
45425
42040
9847
-44645
-45099
-15014
16932
4337
-34984
-40160
16800
4146
13984
-2098
47581
3080
-22250
-32344
16832
-2069
45484
-43632
-241
-20860
-7750
4637
-42875
-34531
5508
43956
-43515
-17976
-44808
-21082
12363
45961
-16012
44006
-29795
-31744
2916
40709
-9920
-3241
-33431
17036
-14425
3588
22133
-40043
4166
-13189
-9582
-48634
29158
-38092
17538
14476
10737
23668
41890
33776
-49908
-28742
-4632
-22312
27077
8809
17003
26461
-39230
-33619
45601
49123
-19720
-38164
-2877
20667
-15683
29866
48621
-29615
-33003
-42760
-15454
-47118
-48759
23355
-7603
-8193
-32425
-30187
-29854
23974
-22462
41970
-26814
-24061
10409
11216
24413
36883
-19083
25291
17234
22576
45580
39429
-13550
34894
-22524
-28017
-22781
-18096
-41039
-27625
-6496
14056
-38562
4302
35326
-24374
20762
30228
-22071
-34613
43210
-41471
4300
-31397
48541
49331
24400
31772
-2915
-1840
48604
48446
18144
-297
29723
24473
7486
13831
-28165
18278
-25667
30411
-271
-29125
2121
47296
43385
18337
29407
10501
23675
-13294
30120
-45794
26570
-45676
37667
21349
38407
-40691
38491
44365
31010
-27005
-808
8148
22880
-4623
-17423
-24987
35736
23527
34079
20679
48535
-6273
4108
-5690
42019
47287
-28214
-42308
-23139
-592
40097
-12997
-30753
-23774
-19520
-7175
-18555
34618
-25867
20665
-4407
10961
-10601
27474
4774
10186
-27936
-21954
22622
-29785
-10151
-6303
7415
-3640
18253
-12972
-5248
14178
33695
-4467
-15087
888
34360
13741
-29680
5817
49496
46854
-10640
-25835
-45458
49638
-41964
-8067
-12989
47044
-44622
41782
-12592
934
30290
14490
-30481
-14900
27541
-43349
2831
-6691
18355
-45963
-24318
9037
-18436
-29537
-44079
-36185
-16160
48333
33903
44573
-15381
309
27434
-311
5064
43803
41406
-32770
-35802
-31188
-12925
20464
-10216
47251
42567
-11875
-34346
31260
-48041
36246
45312
-2525
-15498
-28722
23747
12632
-464
29311
17172
-19471
-10264
-47693
24346
21323
-34706
24085
-17208
-37953
7084
27668
22056
-19491
-36609
-10063
20787
-24280
23203
-34490
-39012
29262
-42201
18579
-46612
-21951
19808
-49594
18984
-4905
3738
40326
27408
24379
2505
-2723
-9343
-36659
32253
29791
-25959
46909
-32429
-27813
17658
23295
-44920
-25091
-15609
35723
-21112
6173
23532
-20331
35813
-35832
-4677
9252
-2108
28008
14033
1328
-47950
38419
-37833
-46787
22324
38989
-38653
-34801
17627
36155
12095
-35223
47157
10469
-27999
-30683
41792
-43929
2106
16146
27546
-9515
40843
-5595
32853
-10584
-37072
-45282
34182
-4183
-42336
-25863
45340
-13800
10509
-33524
-37555
-14439
39238
19523
-27732
1756
16125
39094
-45801
-1848
-2302
46884
29741
41092
-47891
46799
-29027
321
30779
-13197
45465
24455
49424
-46396
41034
12827
24699
10243
21724
-8598
30935
-19428
-33478
-6988
-36243
31456
9685
-48201
30359
18298
-323
-4585
25056
25551
-44206
-23704
-13529
34935
-48460
-47816
-3550
40275
-9769
13339
-2882
22826
627
28179
-34875
-3196
-23465
1692
-26855
22914
-40611
25842
11996
21719
48345
-22560
-15086
5991
-3637
47782
-45026
46747
-4748
-49050
-10871
45054
-3963
-21141
45314
46968
17010
16822
-23969
27044
25862
-22970
-3775
-4817
-2864
26531
-21226
-8880
33883
18824
-48809
12734
-1380
-31638
9426
-31853
-19580
25289
31426
-9189
-26379
-31309
22138
-38056
48210
30383
6721
-3402
-25777
-42324
17046
-36122
30951
-6873
-45611
3129
17932
-48205
-11534
15419
-49896
-3704
46082
30153
-9085
-33654
2938
35248
-48018
18453
36975
-43132
16667
42370
-36389
47961
37504
-9159
-33567
-13790
-32016
-29517
37640
31331
-28231
12618
-10076
13269
-48147
44959
48050
35254
-9160
12808
-543
30827
-33328
-13324
5646
32403
-49269
43548
24232
-2648
682
-7480
15699
-16459
23922
18235
-49464
27279
20443
26653
-23143
43153
-2206
-40029
-47631
48120
11225
-46948
-13542
-2665
-3265
314
35000
-15432
-40374
-24997
-5805
-11952
17759
-13548
-25869
-36514
44804
-32647
-26556
-34528
-10226
-38165
4312
12113
-25196
-19714
39211
-39005
22852
-7578
-26462
-37515
-9357
9406
9101
593
37488
4020
9548
-34011
-43726
-31468
-4819
-14917
-38384
-9616
-46349
39991
-14673
-33623
-40110
-7827
-37738
-44580
-39241
-9827
32253
-8852
-23227
23564
-27132
24648
37274
34944
864
-1416
13936
13527
-33424
-28055
18591
45413
13902
-25581
-45089
-40216
-25856
-36028
2252
-43831
41102
-45269
42210
39442
-689
37058
296
-12666
988
48345
34889
43521
-45690
-35205
-20355
12270
-47869
30111
-9722
-30721
10115
-30386
-34218
44588
25121
17899
-38034
-40501
-47596
35108
-18719
-30136
30118
-6284
46776
37665
18812
-4270
16462
20609
-37324
23961
1499
-521
-371
-20203
46926
-42606
37568
-45977
-47116
-48677
37356
32117
-8907
-26769
-45585
25873
-6691
11640
35792
-42172
-44136
46023
40697
-36073
-13929
-42257
45827
-22818
7407
21217
49129
-5310
-30848
15872
31519
-13495
47539
19488
-35877
19811
13501
-24864
20049
2932
30272
28481
-9604
-19783
9425
6178
18424
30393
-27532
22618
23053
39177
21027
49425
1318
-1604
22414
2170
-47232
-10362
33308
17809
22398
41291
27183
23949
-47239
40712
20390
-25053
-13996
34013
-34340
-37385
35469
22902
-6867
3903
-10704
-48075
16121
-26954
-48186
-46978
16961
-29895
25194
25055
36111
-14847
-34468
-41031
-43822
8382
-27281
22767
-9242
-1043
18909
5162
15186
-13546
-20230
34278
-40757
42596
-23387
47197
4726
-27359
-48517
37422
48843
-46002
7014
-4054
18581
-17604
40883
-46149
8533
6506
18881
19664
-18681
20955
-15499
27433
-36164
7475
20267
-26532
-22138
18286
-15194
-20638
42482
47069
13705
24322
11600
-46978
-32770
7799
11374
-15594
11603
41632
-48702
-23250
37861
-40316
7462
29671
32116
-14369
13758
44860
-31850
-25202
-971
-18765
37703
7187
21733
4959
18174
40837
39318
22485
16123
16184
-49442
-49688
49373
20068
-10234
-22845
-47184
-12459
43501
46499
30307
-1362
-32443
5935
49207
44122
-30885
-24876
48276
27313
-10795
29345
5270
-48989
-41676
12092
35780
-45308
29593
23840
20545
39924
33796
-9612
-21349
21609
41495
-24
27361
-44612
-10407
2414
-19118
39373
42582
7027
47473
-34444
35428
-31687
17268
-12923
11136
43218
22363
27231
30519
23131
13917
-5199
-5279
-32621
40670
-14167
3911
-18346
-18178
-37189
24805
-43590
19531
-41238
-49653
-7483
-13834
19478
47261
22377
-14301
-23998
40442
-26659
-46726
38176
23162
32730
-48518
-29860
31921
-17905
-27827
-45150
3760
33313
3437
-36598
28514
-42328
-49844
-14316
14188
5009
-22189
-2202
-24133
10867
46588
-9666
30116
-6701
-2345
-2972
1110
38761
-34219
-39417
22220
27064
36525
27206
-18645
19800
-35830
32684
-3138
-27217
-42703
-44910
48908
-25474
-9614
46184
2739
-46985
-46102
-39025
-47453
14508
40819
13597
30841
-23101
33737
-13245
-12650
-7449
24665
3308
-40516
4632
-42008
25979
-29147
65
46621
-26889
-39745
-854
-32660
-15677
43400
-47868
-41248
-47738
5282
-31390
22148
14281
47634
45127
21967
-25026
-28517
6330
-11318
-11106
-23950
-32170
13406
6635
-11618
-15458
-14273
-9676
-16593
-13011
49871
8823
-5192
8204
20784
-9792
-13431
-34019
25642
-26096
-41587
-11948
-17803
-11271
33117
10982
3428
-33499
33823
-16551
-32658
-3369
12447
47291
32602
-30295
14311
-7602
26150
-18604
-5954
45472
48532
-3794
-46853
-37478
-49646
-39474
49829
32238
-27292
-20757
-22903
45139
-9520
22050
-41482
-850
34662
14710
29464
21190
23946
47890
7535
-10215
-14752
-12790
2475
-13107
19954
-15008
13670
47582
-35136
30722
-43074
16406
16805
-6224
15726
-48420
-14397
-39045
-31095
-11293
37898
31657
30162
21186
-20694
44854
-9734
-41724
-42638
23252
-4201
21270
22756
2290
-16515
-44866
-4329
14523
34971
1291
36296
35542
-14507
24295
25022
-44149
41914
-15416
34329
-10523
10145
-25114
3735
12018
-31675
-5016
-7230
-37881
18074
16855
-9287
-21408
13514
-4492
18682
9990
-39055
-13659
48393
-25270
8913
-17462
29439
-34867
-5229
48494
29969
-14270
29179
31321
-18852
49323
25702
24994
23882
36640
47619
48034
-44380
462
13547
-22428
13653
-24357
-46082
15416
24566
-19864
40828
16679
43963
49968
-39108
32576
49977
2093
33324
22577
-27566
-7974
-24378
-2799
-5665
2226
30764
-25478
-46440
823
-35680
-41227
-46397
31823
-23134
-49618
-9257
-36375
10246
7814
47820
45246
30129
-14842
15618
40658
-15376
9585
-27990
-16615
-9483
28595
-26188
-15914
-16049
44790
20309
-15681
45445
-44941
-37419
-30980
-13073
2981
44275
-36914
25906
9977
-16554
-21075
-38955
40577
-35439
-39318
24612
26089
18801
22419
43009
34497
-11578
-31115
25505
13592
-22964
10299
3978
29994
-38379
30132
-32472
-30800
39572
15795
48134
-12683
-7704
46256
751
28841
-27196
41132
-5695
-4913
-27273
42417
-34166
43665
45725
2424
-35038
-5133
2721
-24188
42789
36293
-20755
49196
-37173
27985
33424
-20298
-29082
27317
-3958
-16033
-25256
-26549
22135
21655
142
7619
10198
5481
41148
-35278
43668
48120
-30986
-31612
28922
-16028
-3607
-40692
-25392
37228
-16812
-28675
43308
-12370
-2362
-43919
-12549
47082
45877
-35258
-20597
21893
-28424
36489
-27853
-25656
-8318
-47830
3391
40584
-20836
-11473
-453
-639
22077
-37084
24667
-6308
-32728
15376
-11226
-42768
-36734
41732
19325
37284
-25905
-9876
1899
4658
-22455
-13784
-12278
37928
-5733
-18700
-33937
45576
35744
17122
30644
46223
14483
32938
21921
30802
-28110
13528
-139
49668
-7276
1667
-22570
-22348
-6300
25374
12275
-43501
7450
41351
4211
-22060
4596
-43843
22364
-16916
-38410
-37681
36801
19097
-18757
-7664
-9879
18431
17142
37606
2488
-32083
-20214
-16415
668
26783
8450
12425
-48394
-44100
-2963
-22960
39523
39359
-45094
28646
41543
25331
47021
34444
-19275
-30889
20187
-7936
18620
-4799
-39353
-5769
-6287
-1953
-1287
-7064
41365
7800
-31944
-29147
4484
-20655
-25244
16485
-15718
-29332
-26414
35133
-12703
30219
-40443
27629
-30341
-24462
14021
7062
-33272
12874
-49281
2185
22421
-38366
-26791
-38341
28865
35728
12400
-30859
38477
-49482
-2640
26823
24736
26335
29391
28604
18644
-24728
-4378
47849
-42976
5499
-19859
-35809
38563
919
31986
13217
8714
-16532
-8170
-35697
-2370
-35166
132
-25120
-595
42329
-20945
38638
-237
17194
6183
-3765
-37468
46765
-40073
-21230
30073
5876
-13794
18521
-40299
46324
25191
3106
47507
-33308
17992
32720
47918
-22497
42004
41366
42636
27075
-8387
-17141
-49272
19259
1065
-48134
-32677
-36070
30256
2262
27494
17534
-24112
35787
27710
-6028
9964
-18865
-16236
-5222
-27001
30136
-23392
-18497
40665
-11929
28681
-23001
40877
18914
-12652
35019
34871
47999
41287
27037
18516
-8037
-17383
4457
-36097
2827
43800
46934
-1459
-5750
-21066
-35444
-37049
18930
-7248
-48048
43138
-38074
-41092
-27093
-6116
-11413
48559
4649
48564
-49482
-42999
19452
46886
1088
-21698
13697
-28541
-37257
24545
-24198
39721
23406
34223
1595
34084
32149
4245
-14272
-9184
42083
16606
-7685
39338
16687
29053
31500
-9470
-27138
-9964
28968
-28257
-37001
38911
-40740
-4705
-17133
-45504
-14837
37161
-42576
-21304
-21901
-2654
-4444
-4962
25294
17319
-17202
45999
26004
-22867
-7864
-45486
38110
-5133
-18152
23094
14565
1793
11527
28491
-36951
-32384
12297
32362
43886
-39659
-6086
30818
896
-28421
-6646
32416
-38825
21500
-42545
-34726
4053
-32340
-6246
-8808
-24371
5314
-25308
2207
-19106
3731
-30458
11515
-48932
18413
-9913
-41751
624
31117
-880
-13026
39894
45117
29276
-32648
42308
-37714
-5205
35647
16106
-32755
-43595
34007
-42316
19397
-34532
2692
-6163
25266
-1285
-5414
48638
-45635
42011
48801
-12076
-11719
33828
42049
11136
-7304
17007
20432
-47497
39434
-25766
-45067
26586
-48972
25333
152
-2800
-43607
15226
43880
41135
11464
29754
-15608
-47175
-4463
-37647
19959
-14621
34693
22971
1498
23153
10585
34817
27657
-29763
-35242
-7125
-24365
-43369
-15183
-47878
40238
25990
450
15533
2879
-34707
-4285
35200
-16382
-44056
36999
38806
23991
42261
-6284
30891
35145
25488
37790
-6644
33084
13015
24546
15298
26258
18476
-1317
-3543
-24550
-26151
-25115
-21442
38999
-36627
-20500
43991
-25112
12421
29839
-6259
-43368
7974
1463
-5963
-30300
35910
-44850
-42548
-47803
-48438
6206
-41456
28954
-19510
-47193
-4917
35987
-28239
-40325
-43318
49595
16961
-8550
6093
40803
-17645
13126
-37321
10759
40508
-49470
29540
42400
6059
5964
3706
-31771
-48498
28979
14073
22207
41268
-6761
-16372
12808
-14834
21180
48161
-21826
-41873
10314
-3979
8169
-17613
-7643
24328
18375
-6277
30532
22864
32753
21430
24303
-26614
-17012
-44005
-24390
-3285
-48850
9202
27896
-32588
45450
-16653
13822
-1724
-27654
-42009
-46826
24935
33448
-26421
-6308
40940
-29031
-6190
-34151
13973
-22506
10954
-4039
32743
-44679
45687
11019
-830
-6832
-19013
-39755
-2102
33489
-20457
-2895
-22589
9435
35403
-22233
36924
21636
-18919
-26424
162
-49692
17064
29029
32085
-21955
6212
7754
9207
15173
31139
5339
-20832
-42798
-16733
-35671
-14032
32162
21070
-36144
24892
46243
48191
26064
-39287
4229
-20225
-3738
17751
9274
34280
-49657
-29836
8263
40747
-45959
-38478
-45845
34124
-3987
13970
-1656
37739
-3748
-673
35634
-32290
-24067
-30504
48019
22521
-35391
-17019
-4423
21136
-20565
-22965
-34307
23091
38031
-46790
14161
1240
16614
8451
2501
14007
12491
24167
5397
-14450
4374
-40725
34451
46853
27570
32872
-13620
-5748
-16548
-13602
32698
42720
12602
-20375
-27706
-4244
-45546
43820
10455
28492
-41258
33929
1532
27789
-5446
-47630
-2415
-11727
-24079
-18182
-28367
-45298
29783
47141
-35559
-22794
-15025
-43298
-19659
4689
-10599
-43033
-33879
-5946
-32687
-13973
-44706
-11335
-9788
26672
-13785
5998
-38161
46056
-33394
19691
15670
-17242
6464
4508
23133
-7699
-27278
22288
11782
19204
29423
14593
25320
-30618
575
4561
11081
46230
-25291
-31312
-1704
-12432
-16459
29433
-45687
-41925
26368
-29860
18158
-23558
5789
12823
46734
-30782
2022
-45635
21156
14757
32556
-23752
-19945
30189
43368
-20085
-2159
-12860
10496
34352
-43969
-3824
-43118
4257
-9020
44796
-47169
12978
14138
30002
-27209
-44261
33318
-32379
26429
-17261
-7945
6506
-11466
-30473
49499
14630
11380
47595
-40611
44162
-44166
11799
415
25980
-37653
-12525
-18769
34456
-24141
46781
-2518
47059
15665
-18649
18186
49399
-13409
49998
21069
-35605
33184
-9820
-47708
34786
-27035
26351
-25068
-36972
30364
26443
-28020
-15287
22614
34570
32803
-37327
-43021
35100
8686
23410
21325
-47382
-21956
40217
22269
-33925
47566
-48783
-44051
33689
-39115
-11791
-30692
-15794
8681
-18193
-5721
-35767
33092
17554
26490
13277
13497
-4666
46291
-42840
17652
29033
-7025
-4112
-6064
-49022
19
-10487
5743
30641
-35271
10836
-24327
39713
46645
5954
-38477
-44038
34531
10454
-34309
-41868
3535
-11544
-1025
-2491
-22335
-16891
8247
17243
44835
-8044
229
3302
48816
45268
-34585
29228
-1030
-39647
-43850
-16576
-19496
-47179
-36577
-10803
15083
32650
-9412
28492
8811
-43106
2734
6997
3890
-17008
11416
40561
-5371
1223
21755
26478
-11781
-13646
34154
-46932
-43701
22442
33097
181
28598
7763
-17721
23914
6222
-48287
-33547
-45192
-19646
29272
-24542
16073
-30969
-11636
-35820
39926
-27804
-24922
-46235
4730
-2438
19112
37976
-42398
46734
8839
27638
-12127
-43947
-41289
-28246
16544
-48965
25062
7189
-26285
-41841
26398
8686
-8218
-8498
20238
-25990
15478
-39381
-12222
-37788
-5732
-26792
46222
-46055
-31804
12308
-45302
-7966
3036
-9039
31415
-4161
1703
-39360
34336
2429
-1070
6556
-997
30803
-48354
-528
-24209
-48481
4892
-46171
-21968
-34248
22295
-19637
581
48783
25546
-24477
-41493
26247
39826
49416
20050
33006
-35586
-31144
13733
18999
-29532
1666
-39513
-49578
45965
12654
42521
-7241
27408
46691
-29096
-21573
-30115
-47719
7907
8976
5615
44956
-30470
2315
7268
-25415
27330
-18427
-14231
-31800
15141
-37649
-20434
-45386
-29002
-7756
8538
15278
22450
17834
-24393
-28092
-26270
14867
42093
-35138
14685
-39274
36045
15647
28778
22101
-23773
-25488
23651
48908
-38225
15533
44022
-22491
-33235
27402
-45371
-17734
19760
19936
-41971
-33304
-17843
13560
13315
-49140
1107
-29261
3162
-18627
-6023
-30764
7682
38757
35344
10538
17930
47389
-17416
25341
6598
-1724
-30386
-5804
-4149
-8420
5986
-15615
9751
5218
-4730
46250
18863
-21528
-40093
-40267
-38368
36112
3590
-25617
1862
-17529
-37768
30073
-34869
-3205
-12821
-21937
15431
-12101
-32433
-45962
-24474
48810
-26523
5090
-49625
28671
-30517
-19071
-16768
-26597
29334
-6073
39935
-29112
23806
29239
-32213
24395
8467
-9269
-9718
-2490
-40563
-12223
21628
8109
-23007
14754
43300
-5886
-45073
18255
41254
38159
11608
266
-30133
-28256
-20946
-4194
-35294
37498
25955
26925
-34974
37244
-31581
43828
-31062
-29072
-27074
15932
30057
6862
-43395
32768
19929
22798
16022
49014
-28187
38279
-7269
-29572
9772
-16919
45772
-35647
-38818
-16908
-17011
34893
21059
30866
-26606
10765
15675
-24936
-8586
4095
41600
-748
-4501
-49258
32807
-7469
37004
15818
-8890
-43406
-45201
-40064
9359
-41473
-20682
8306
1498
-37076
-14012
47610
-31742
-34770
-36980
640
-32731
-15176
5029
18782
-10289
26319
39419
-1204
3856
-18422
18463
27564
-11831
18377
-26562
-9580
31431
-8370
30606
22452
-36666
-43876
11685
16547
17174
23178
26180
-48341
32763
37732
-2735
2861
-46066
6655
-34910
-24782
14305
10871
-38315
-23857
36992
12007
19613
-20685
28979
33667
-2154
32785
-27552
10869
-33190
35109
-28243
-23021
-49044
16069
36227
44698
-8943
20389
35758
-40759
26654
-2073
-30111
-34020
15405
24829
-37322
-17630
-30007
-6244
4851
28894
15113
33439
-37144
-45641
-20102
28469
-17579
-6436
40724
-15128
-28663
-33608
8398
-11893
10821
12845
-18674
34495
-47234
47185
11960
34690
-5791
41986
-22168
-26060
39793
42790
8251
-2105
29101
-39101
-33817
-19549
-8115
-15944
-32916
-28780
-10102
-37386
19714
-21807
21789
38879
-527
-12215
-11393
-47687
-6337
45771
-10128
9967
8771
-20238
-3980
-35451
-13095
-29429
-1001
-6123
22671
-20539
43985
40427
-19492
-46828
-19547
-18119
-20912
26562
-6685
-41640
31239
29235
48366
-27812
3959
34291
2231
-3534
-10040
29502
-28408
-6792
33059
459
3805
48921
10851
-5610
11308
18309
12712
10217
-25723
26281
-47925
-5050
-35979
17199
-1748
-41452
9125
47925
-13337
-3869
42527
-32670
-44251
-11331
20240
-12245
-24082
-5141
-46839
38465
-18820
-23838
511
6068
-19062
-1688
32915
44936
-33748
-11513
-25524
-42766
12089
40460
-44896
-43217
-16510
-29700
34866
-4415
4422
-43851
11637
47271
-22914
10108
-20786
30904
-40268
29736
-27977
6940
-46959
16393
-8064
15751
42035
-3594
-25583
41843
22685
-16685
-25142
49400
-32632
34555
4651
20587
11128
-23088
-29105
32209
-13047
12540
-11309
-27426
-26712
-158
44597
42574
-12578
-29114
23735
13790
-33817
-9034
899
22440
-39455
34260
-33623
31866
-43264
-30143
-7453
-42766
49822
29095
29817
37272
-9872
22947
-8352
38552
29683
-39571
40126
30298
-46331
3429
-10775
-46208
11089
-27972
24237
12955
-12510
-47620
-18132
46794
-48328
-43403
-18689
-35151
-29928
30533
11067
29266
20702
19715
46191
19274
-28466
-2295
39082
-37782
18377
13307
-31751
5264
18618
-11944
-5106
-40190
13679
35612
-16036
-25657
-25947
2991
30559
1730
541
24654
-33512
14251
-27189
-19884
43158
11116
-46771
27876
-49935
-47915
-36872
758
-32465
26460
25837
-25892
9865
8213
16267
10927
9992
-11863
1278
38779
13609
27894
31670
-16637
30336
24067
33458
30803
45720
32382
-27173
-41536
-19688
41364
2701
-46338
5153
-11379
-25232
-16770
8885
43713
11429
-49471
-3182
35387
1788
-22850
11931
32232
2850
22988
12791
-14468
29655
11053
9939
-5598
17630
-38953
-44126
-42979
-30579
-5633
-41723
-3425
-28668
-7900
12070
-44091
-49285
22998
41950
-28082
19956
13057
14615
3255
-31824
6938
7403
-14860
-48035
-2044
21195
11756
-28339
22335
-29284
23506
43714
-43345
14011
-32133
-41435
22564
23745
27297
9622
-30709
-34110
-31245
48989
28464
-36049
37206
3487
-882
21084
14653
-7764
-7691
-44324
22432
-22123
-10857
-47384
-46116
796
11535
-7522
-25881
20484
-9042
-46170
-43986
-28570
4579
2544
-20307
-18363
43943
-3527
4778
-8646
-7390
15277
-13202
22409
-7363
28518
14529
21236
-20539
-2990
-13023
29518
-33160
26067
24702
15463
-39280
8864
2102
3270
-7543
43688
-5816
-22666
2737
-12746
-11977
-35049
-5877
15121
-48163
-21419
22783
8187
-42679
-30570
674
-1319
-37354
7468
-43011
18577
-29814
21418
-13892
12495
-8056
-620
-34890
-38685
32978
48975
-47724
-44316
38238
3607
23392
-12040
-12653
-18225
18476
7499
-30335
23507
-44645
-42116
-10309
-41654
18032
34008
-4110
-169
4369
11038
-37617
49039
-8041
11265
-12532
-3099
46965
6220
-11345
39456
26979
34559
-7036
-32946
-33818
-42856
31671
48402
-10051
-32499
38347
-32392
48010
-49770
-5991
-47894
-38084
-3865
21992
-31141
11701
28027
-47515
27904
35389
-23156
6911
-46530
-31038
-33921
35074
-17569
25737
-33283
-19794
-24833
-26698
-40517
14068
21250
25875
30203
-28051
49960
-10399
-37237
24534
-29896
-9223
40748
39339
-47718
-7587
-30995
-23329
-19871
36417
24309
29045
48549
-33137
1120
-38209
-21137
-23493
49057
208
-44723
-31549
-18811
-7744
-20539
8674
41976
-15588
-27705
-16141
40609
6567
-14277
-25028
43272
35377
17689
20062
34200
-32687
-35113
-23785
1408
25602
-2563
-18318
10483
-13736
-30252
9260
-9361
31774
-48419
-35004
-30213
34382
-14145
-28034
-2999
-28468
22104
5395
-29029
42591
-11372
22681
-24510
45676
-1445
37963
1025
-14512
23557
-12811
24976
39866
-5367
45726
33724
33476
47507
36465
-33012
7404
-31661
25418
27903
35667
2674
-9862
45521
30737
4416
45911
-16420
-49806
-48215
-11549
40283
26193
45478
-37897
-11062
-48144
-16721
17421
-3511
-26031
-28626
-31865
49184
45908
14063
-2210
-12900
10894
13651
-20694
-44266
20674
18404
-19509
-47851
25886
-19325
45266
-1206
-4395
28637
-46640
-42694
-17580
32540
5944
-37864
30307
-22919
-33965
36688
26715
34960
-27583
41857
1566
-10932
3942
14978
49911
7649
37913
14821
-47089
29368
-21980
-8680
-24599
38309
184
16104
11835
-41228
4145
37600
-33559
-17342
-1502
40816
-42848
36872
40092
30153
9291
2130
-15584
-17404
23990
-22610
30271
-30718
-48963
38432
36425
-28690
11823
-2190
-30054
9151
-12699
-3671
39582
-29574
-22151
18227
20445
29268
-21948
11580
40647
46484
-42344
21247
13212
-29289
7735
-36711
25112
11405
7854
23226
-28870
-36959
48018
17013
5520
-21225
-41131
-33353
6657
40685
30149
41620
-6122
-7676
47746
-7267
-42778
-49800
-49863
-25491
22044
-44150
-24575
-49245
25863
20575
-7535
9962
31838
-20767
30909
-43821
-3154
3235
5067
49188
-13023
-43134
-43466
-32950
-15027
-41049
-12610
3146
-34474
-45750
-8086
33974
-30111
-8144
-43652
16923
27190
41588
-10865
41494
-28976
1124
-7185
40262
-11899
13986
-16620
-26979
38733
12203
-28259
-31951
-5072
27765
-23579
31759
-22991
-36943
31237
-10449
-41071
38959
-26266
-14046
-30783
28353
35744
-24824
-1688
-45608
-27084
15358
35980
-35285
-3389
-1324
-18175
28694
-48983
-4931
-6933
-3650
-14566
21791
-27886
11986
-25257
-47829
15009
32686
-23828
-35321
11579
-28071
34473
8838
699
-39890
39739
17785
-41498
4472
47879
6718
-5105
14487
-46878
-44521
19366
-833
-18992
-20522
-48770
16543
23703
18388
-40935
34815
26079
6561
-14701
36098
23080
19189
-13528
48907
-18968
43973
-11709
-708
-22241
49073
-26588
-9990
-24615
31291
12236
-11155
17408
-44942
-44632
-45117
-31172
20620
-32968
-26893
-26616
43794
-43589
-42497
-26415
17621
16569
-11822
13805
14686
29260
-9015
2006
23555
17068
38863
-43710
40918
22262
-11423
23232
33207
44152
-38768
-5743
7658
7323
-44284
11617
-10973
-31538
10749
27520
-44738
32811
-15499
-13470
28299
22568
31170
43631
-45242
-11428
27511
-49881
-27579
33099
28842
10966
41322
23760
-4496
-40880
26968
16102
35397
-7287
46243
-10252
12712
-17517
29600
19187
19842
-29835
44411
29789
-17113
-47483
-23864
8307
12629
-48510
32305
-13398
-7943
-47024
38125
31284
-45582
19472
43794
-8537
10765
35259
-45918
-16020
27023
-17924
-40512
14822
-3407
-30553
-6394
-22692
8581
3450
-4465
26661
6744
26094
-48689
-36625
4304
-33798
34594
30860
-39308
41124
-5086
-25126
-46038
-43452
19090
-43379
-30981
45560
-36489
4188
20723
38366
26375
-5596
-9691
-44559
15481
-12483
36907
-2878
11772
-34121
1035
44754
-14108
-48528
-16362
-374
40958
-36395
21546
-28264
-22139
6738
-28393
44262
-43187
38712
5598
43128
-40355
3562
-37548
-40446
-7686
-22300
45671
26468
-9282
19561
39544
-35997
-28889
-21273
14214
-13147
-4021
-11063
7147
10312
29161
-14855
-13312
-32289
-43684
39472
35260
31818
34793
-16549
29177
15889
25015
41899
-1641
40446
44990
23002
16730
-44588
-36041
23765
-7441
5071
-684
-1526
-13460
11385
34921
1263
-2635
32294
41703
-36116
33402
37933
-27894
4551
-3
-49500
32904
-16918
32274
35095
-9591
-9325
45280
-36508
-31786
-27624
-2748
-35050
-49109
-36332
-29068
49659
38086
43059
-3807
-42076
-47743
1302
36117
-9254
9852
-12477
6012
43767
47859
31276
544
-34552
41967
45914
24780
-1571
32568
-11978
42258
-16151
26312
-43341
36808
-35779
4923
20444
31404
16220
17570
3478
-13239
26522
-3561
47345
38674
-19114
-13333
33712
49003
15889
-36133
-49838
3718
37161
15202
29885
-45621
-23177
35623
26247
-49935
-35038
-38890
-25536
10025
31901
-31379
39839
2683
31716
-46963
-18425
46856
19662
37744
-28043
-31187
-46129
-25767
16457
-21335
-49939
35879
-22929
-46378
47133
16644
-36247
33651
8698
-21766
-741
-17310
20961
-13243
34194
-4723
7627
49796
12529
-46236
24424
47784
-13638
-10655
-3116
38735
-9322
-32531
-3239
-27542
33729
8059
16769
-24102
38133
-1454
45782
-6118
-6063
-27704
45081
-13642
-33819
-29527
-19333
44313
-15459
42999
-4773
-46588
-13689
-34164
6172
22106
-22141
33658
40513
8440
30535
-12300
35816
-41438
25420
-42331
39105
-5831
8120
43326
35594
-17656
20873
46862
-39608
11710
40282
489
40164
6998
-24715
37099
-9345
18033
44405
-15818
13523
-22586
-28649
38646
19592
22319
7613
28774
3056
-30107
48862
-29684
-21152
-39738
24205
19903
-41685
-33390
11973
-6167
-34948
41270
45038
-20217
-13968
-38433
-40594
-41427
-43667
-8272
11823
40966
22051
22895
-29080
2041
-4258
25945
-44757
-25304
-43035
-47978
30091
11762
43634
9127
45864
-2216
33710
-10372
-30503
7517
30920
-222
46452
-13466
25394
-10599
-45571
-35775
36537
32644
-35672
-9278
48479
-46310
12134