50 644 1
1 24 250
2 4 195
2 5 841
2 7 304
2 8 493
2 9 394
2 11 441
2 13 328
2 14 667
2 15 197
2 16 968
2 17 154
2 19 710
2 22 931
2 23 634
2 24 25
2 27 150
2 28 904
2 30 827
2 31 268
2 32 669
2 37 100
2 38 545
2 41 229
2 42 486
2 45 924
2 48 336
2 49 988
3 6 670
3 8 502
3 9 398
3 12 14
3 13 934
3 17 753
3 18 232
3 20 537
3 23 196
3 25 963
3 26 815
3 27 439
3 28 829
3 29 636
3 34 143
3 36 717
3 37 506
3 38 189
3 39 978
3 40 261
3 43 595
3 44 905
3 45 452
3 46 982
3 47 969
3 48 95
3 49 396
3 50 502
4 6 713
4 13 768
4 14 83
4 15 791
4 16 58
4 18 680
4 22 99
4 28 7
4 45 832
4 49 902
5 7 736
5 8 455
5 9 561
5 10 535
5 11 296
5 12 985
5 13 497
5 14 397
5 15 153
5 17 739
5 18 386
5 19 546
5 20 43
5 21 332
5 22 856
5 23 239
5 24 554
5 25 814
5 26 551
5 27 420
5 28 248
5 29 845
5 30 670
5 31 257
5 33 826
5 34 273
5 35 336
5 36 992
5 37 798
5 38 624
5 39 906
5 40 382
5 41 124
5 43 290
5 44 212
5 46 930
5 47 204
5 48 762
5 49 151
5 50 194
6 7 358
6 14 177
6 15 879
6 21 323
6 22 371
6 25 874
6 27 179
6 30 589
6 31 225
6 32 134
6 33 820
6 38 484
6 39 899
6 42 634
6 43 721
6 44 608
6 45 367
6 47 558
7 9 1
7 10 731
7 11 407
7 12 543
7 13 547
7 14 481
7 16 833
7 17 201
7 19 948
7 20 358
7 21 355
7 22 133
7 23 4
7 24 968
7 25 951
7 26 781
7 27 104
7 28 319
7 30 961
7 31 752
7 34 772
7 35 777
7 36 564
7 37 114
7 38 730
7 39 971
7 40 724
7 41 772
7 42 644
7 43 594
7 44 36
7 45 534
7 46 898
7 47 901
7 48 396
7 50 386
8 9 868
8 10 258
8 11 308
8 12 240
8 13 650
8 14 566
8 15 595
8 16 828
8 17 206
8 18 800
8 19 397
8 20 316
8 21 47
8 22 254
8 23 720
8 24 454
8 25 49
8 26 357
8 27 902
8 28 552
8 29 911
8 30 321
8 31 784
8 32 98
8 33 118
8 34 172
8 35 937
8 36 690
8 37 404
8 38 594
8 39 667
8 40 415
8 41 672
8 42 899
8 43 419
8 44 306
8 45 443
8 46 712
8 47 672
8 48 349
8 49 642
8 50 325
9 19 432
9 34 817
9 50 944
10 12 329
10 13 712
10 16 411
10 18 177
10 21 814
10 24 892
10 27 640
10 35 365
10 37 837
10 44 92
10 45 128
10 46 858
11 13 166
11 14 55
11 15 890
11 16 502
11 18 421
11 19 962
11 21 463
11 22 822
11 23 733
11 24 806
11 25 49
11 26 151
11 28 848
11 30 721
11 31 519
11 32 562
11 33 490
11 34 97
11 40 138
11 41 820
11 43 113
11 45 495
11 46 422
11 47 378
11 49 45
11 50 855
12 13 81
12 15 88
12 17 879
12 18 825
12 20 853
12 22 138
12 23 846
12 25 872
12 27 788
12 28 876
12 29 460
12 30 56
12 31 276
12 32 572
12 34 765
12 36 858
12 37 611
12 38 219
12 39 294
12 40 343
12 43 631
12 45 45
12 46 235
12 47 227
12 48 948
12 49 386
12 50 472
13 19 762
13 23 567
13 24 68
13 30 279
13 38 891
13 39 916
13 41 841
13 50 364
14 35 395
15 26 20
15 29 552
15 31 432
15 39 740
15 43 585
15 49 515
15 50 371
16 17 275
16 18 111
16 19 273
16 20 29
16 21 993
16 22 113
16 23 982
16 24 771
16 25 20
16 26 952
16 27 252
16 28 550
16 29 488
16 30 960
16 31 322
16 32 130
16 33 633
16 34 25
16 35 835
16 36 937
16 37 647
16 38 780
16 39 855
16 40 900
16 41 870
16 42 685
16 43 910
16 44 881
16 45 82
16 46 774
16 47 357
16 48 232
16 49 613
16 50 289
17 21 621
17 24 662
17 26 435
17 33 91
17 39 65
17 42 362
18 20 24
18 21 729
18 23 673
18 24 123
18 25 617
18 26 293
18 28 94
18 29 930
18 30 634
18 33 734
18 34 640
18 35 356
18 36 524
18 37 794
18 39 947
18 43 772
18 45 179
18 46 903
18 48 252
18 49 606
18 50 367
19 20 647
19 21 1
19 22 610
19 23 761
19 24 311
19 25 813
19 26 193
19 27 857
19 28 399
19 29 930
19 30 843
19 31 173
19 32 802
19 33 532
19 34 929
19 35 784
19 36 263
19 37 177
19 38 408
19 39 277
19 40 464
19 41 815
19 42 717
19 44 487
19 45 255
19 46 193
19 47 465
19 48 298
19 49 192
19 50 618
20 21 229
20 22 399
20 23 328
20 24 492
20 25 779
20 26 201
20 27 469
20 28 324
20 29 897
20 30 476
20 31 33
20 32 662
20 33 417
20 34 236
20 35 865
20 36 393
20 37 277
20 38 201
20 39 761
20 40 969
20 41 854
20 42 767
20 43 652
20 44 806
20 45 496
20 46 364
20 47 749
20 48 400
20 49 48
20 50 532
21 26 561
21 28 892
21 29 636
21 32 572
21 33 534
21 34 892
21 35 309
21 36 1000
21 37 1
21 38 412
21 41 737
21 42 540
21 43 287
21 44 174
21 47 769
21 49 948
22 23 184
22 24 32
22 25 417
22 27 525
22 29 939
22 32 833
22 37 496
22 40 97
22 41 880
22 42 364
22 44 448
22 45 538
22 47 929
22 50 455
23 24 137
23 25 835
23 26 543
23 27 611
23 29 886
23 32 143
23 33 578
23 34 730
23 35 806
23 36 10
23 38 868
23 39 715
23 40 920
23 41 326
23 42 610
23 43 873
23 45 946
23 47 234
23 48 161
23 50 267
24 25 563
24 26 954
24 27 213
24 28 710
24 30 329
24 32 933
24 33 365
24 34 527
24 35 119
24 36 984
24 37 114
24 38 979
24 39 314
24 40 406
24 42 503
24 43 258
24 44 882
24 45 952
24 46 344
24 47 585
24 48 189
24 49 856
24 50 617
25 26 463
25 27 31
25 28 734
25 29 682
25 30 215
25 31 937
25 32 891
25 33 32
25 34 687
25 35 413
25 36 787
25 37 880
25 38 199
25 39 755
25 40 159
25 41 705
25 42 178
25 43 432
25 44 462
25 45 792
25 46 527
25 47 923
25 48 828
25 49 460
25 50 833
26 29 776
26 30 262
26 31 221
26 32 203
26 33 258
26 37 990
26 43 644
26 44 846
26 45 425
27 40 750
27 48 845
28 31 958
28 40 190
28 48 864
28 49 681
29 33 716
29 48 898
30 32 175
30 34 580
30 35 986
30 36 560
30 37 851
30 38 384
30 39 30
30 40 519
30 41 848
30 42 638
30 44 84
30 45 13
30 46 751
30 48 707
30 49 305
30 50 867
31 35 598
31 39 321
31 40 378
31 42 148
31 44 754
31 45 740
31 49 872
32 33 218
32 35 869
32 38 971
32 39 393
32 40 402
32 41 135
32 42 393
32 43 464
32 45 872
32 48 941
32 50 581
33 34 590
33 35 324
33 37 866
33 44 122
33 45 110
33 47 415
33 48 111
34 36 40
34 37 517
34 38 358
34 40 13
34 44 575
34 46 876
34 48 607
34 50 418
35 47 579
35 48 636
35 50 973
36 37 727
36 41 195
36 42 927
36 44 213
36 45 259
36 47 313
36 49 629
37 38 627
37 39 582
37 40 53
37 41 125
37 42 393
37 43 816
37 44 293
37 45 262
37 46 377
37 48 678
37 49 241
37 50 10
38 39 85
38 40 671
38 43 602
38 44 550
38 45 425
38 47 501
38 48 554
38 49 278
38 50 469
39 45 618
39 46 118
39 47 896
39 49 601
39 50 178
40 42 717
40 43 588
40 44 914
40 45 306
40 46 963
40 47 848
40 48 202
40 49 111
40 50 448
41 42 393
41 43 772
41 44 346
41 47 960
41 48 495
41 50 890
42 43 745
42 44 867
42 46 475
42 47 776
42 48 941
42 49 60
43 46 310
43 48 23
43 50 900
44 45 54
44 47 393
44 48 877
44 49 194
44 50 9
45 48 400
46 47 261
46 48 854
46 49 873
47 49 746
48 49 548
48 50 401
49 50 580
