100 2492 1
1 2 195
1 4 197
1 6 196
1 7 969
1 8 756
1 9 154
1 10 905
1 11 397
1 12 497
1 13 730
1 14 982
1 15 866
1 16 670
1 17 753
1 18 502
1 19 680
1 20 832
1 21 239
1 22 150
1 24 879
1 25 491
1 26 64
1 27 98
1 28 504
1 29 978
1 30 95
1 31 659
1 34 561
1 35 845
1 36 817
1 37 394
1 38 872
1 39 338
1 40 386
1 41 710
1 43 636
1 45 273
1 46 486
1 48 160
1 51 739
1 52 405
1 53 83
1 54 550
1 57 332
1 58 710
1 61 400
1 62 663
1 64 227
1 66 963
1 67 723
1 68 513
1 69 945
1 70 304
1 71 761
1 72 768
1 73 968
1 74 250
1 75 768
1 76 232
1 77 626
1 78 359
1 79 100
1 80 811
1 83 124
1 85 302
1 86 248
1 88 43
1 89 299
1 90 455
1 91 902
1 92 229
1 93 166
1 94 16
1 95 398
1 96 558
1 98 145
1 99 934
2 5 738
2 6 420
2 7 845
2 9 225
2 11 652
2 14 10
2 16 204
2 17 565
2 21 964
2 24 130
2 26 323
2 30 532
2 34 712
2 41 318
2 42 930
2 43 749
2 46 649
2 51 413
2 53 250
2 54 286
2 59 856
2 60 677
2 61 179
2 66 55
2 67 445
2 70 809
2 71 899
2 72 151
2 75 681
2 76 448
2 77 700
2 79 798
2 82 177
2 88 558
2 97 201
2 98 367
3 4 255
3 5 230
3 11 32
3 12 644
3 13 114
3 14 651
3 20 231
3 24 634
3 25 721
3 27 948
3 28 355
3 29 931
3 32 749
3 34 820
3 38 1
3 41 878
3 43 659
3 44 16
3 47 594
3 50 880
3 51 4
3 53 935
3 58 481
3 59 898
3 60 747
3 63 108
3 64 304
3 66 951
3 67 534
3 69 359
3 72 270
3 76 133
3 77 901
3 79 880
3 81 731
3 84 590
3 87 250
3 88 103
3 92 134
3 93 575
3 96 968
4 5 196
4 6 126
4 7 752
4 8 940
4 9 9
4 10 866
4 12 912
4 15 275
4 16 892
4 19 788
4 20 743
4 21 125
4 23 26
4 24 443
4 25 518
4 26 519
4 27 357
4 29 721
4 30 959
4 32 353
4 33 516
4 34 325
4 36 512
4 37 911
4 42 561
4 43 626
4 44 802
4 45 800
4 49 594
4 51 595
4 52 581
4 53 159
4 54 899
4 57 81
4 58 385
4 60 789
4 63 662
4 64 537
4 66 812
4 67 504
4 68 667
4 70 906
4 71 212
4 73 772
4 74 468
4 76 843
4 77 672
4 78 121
4 80 796
4 83 950
4 84 711
4 85 975
4 86 351
4 88 306
4 94 414
4 97 374
4 98 566
5 6 616
5 7 684
5 8 238
5 10 29
5 11 826
5 12 785
5 13 360
5 14 709
5 15 712
5 16 392
5 18 833
5 19 218
5 20 763
5 21 720
5 22 526
5 23 455
5 24 38
5 25 640
5 26 623
5 27 819
5 29 959
5 30 937
5 31 817
5 32 711
5 33 130
5 37 416
5 38 768
5 42 670
5 45 432
5 46 218
5 47 178
5 48 466
5 49 541
5 50 753
5 51 571
5 52 820
5 55 39
5 56 448
5 57 65
5 59 246
5 60 451
5 61 428
5 63 241
5 66 504
5 68 720
5 69 858
5 70 925
5 74 685
5 75 836
5 76 35
5 79 365
5 80 936
5 81 248
5 85 517
5 86 49
5 87 558
5 88 837
5 89 12
5 90 495
5 91 90
5 93 445
5 94 655
5 96 694
5 98 980
5 99 904
5 100 944
6 7 378
6 9 502
6 13 286
6 14 876
6 15 333
6 17 535
6 18 451
6 19 9
6 20 25
6 21 151
6 22 871
6 23 759
6 24 495
6 26 291
6 27 670
6 28 300
6 29 45
6 30 164
6 31 394
6 32 814
6 34 314
6 35 301
6 37 227
6 39 109
6 41 837
6 43 391
6 44 371
6 45 416
6 46 825
6 47 822
6 48 1
6 49 264
6 51 421
6 52 245
6 53 803
6 54 114
6 55 381
6 56 821
6 58 585
6 60 93
6 62 787
6 63 174
6 66 820
6 68 785
6 69 676
6 71 744
6 72 504
6 73 141
6 74 572
6 76 58
6 77 1
6 78 197
6 79 460
6 82 760
6 83 101
6 84 364
6 85 128
6 86 463
6 87 720
6 89 357
6 90 20
6 91 582
6 92 502
6 93 760
6 94 846
6 95 49
6 96 890
6 97 734
6 98 672
6 99 872
6 100 263
7 8 113
7 13 951
7 23 568
7 27 29
7 28 328
7 35 993
7 38 613
7 40 647
7 49 232
7 52 298
7 68 111
7 70 71
7 75 960
7 80 875
7 83 582
7 84 652
7 85 940
7 89 322
7 95 952
7 100 267
8 13 633
8 14 453
8 15 600
8 17 600
8 23 711
8 27 121
8 29 29
8 35 562
8 37 522
8 43 778
8 44 901
8 46 879
8 50 596
8 55 545
8 57 386
8 59 633
8 61 145
8 63 871
8 68 841
8 70 801
8 72 382
8 73 154
8 74 619
8 85 819
8 90 516
8 93 384
8 95 49
9 11 244
9 16 342
9 17 520
9 19 24
9 23 395
9 25 903
9 26 640
9 27 252
9 28 851
9 29 647
9 30 123
9 31 617
9 36 296
9 38 41
9 41 852
9 48 695
9 53 729
9 54 413
9 55 794
9 57 94
9 58 258
9 60 126
9 61 393
9 62 599
9 71 950
9 74 812
9 75 870
9 78 608
9 81 367
9 82 867
9 86 525
9 87 120
9 89 563
9 93 323
9 94 563
9 95 726
9 98 837
9 100 957
10 11 601
10 12 880
10 13 662
10 14 64
10 15 145
10 16 967
10 17 878
10 18 325
10 19 680
10 20 618
10 21 452
10 22 487
10 23 863
10 24 128
10 25 930
10 26 318
10 27 487
10 28 839
10 29 978
10 30 892
10 31 455
10 32 1000
10 33 489
10 34 464
10 35 653
10 36 271
10 37 834
10 38 925
10 39 479
10 40 11
10 41 556
10 42 913
10 43 537
10 44 408
10 45 358
10 46 311
10 47 769
10 48 611
10 50 1
10 51 195
10 52 817
10 53 94
10 54 36
10 55 507
10 56 256
10 57 146
10 58 184
10 59 760
10 60 546
10 61 324
10 62 980
10 63 768
10 64 509
10 65 459
10 66 46
10 67 860
10 68 755
10 69 84
10 70 579
10 71 371
10 72 807
10 73 232
10 74 723
10 75 301
10 76 820
10 77 616
10 78 93
10 79 831
10 80 927
10 81 430
10 82 463
10 83 345
10 84 413
10 85 265
10 86 226
10 87 979
10 88 485
10 89 564
10 90 492
10 91 10
10 92 770
10 93 399
10 94 177
10 95 865
10 96 849
10 97 528
10 98 749
10 99 964
10 100 273
11 83 833
12 13 895
12 14 740
12 15 406
12 16 426
12 17 941
12 18 452
12 19 13
12 20 916
12 21 413
12 22 698
12 23 622
12 24 121
12 25 681
12 27 270
12 28 458
12 29 916
12 31 528
12 32 904
12 34 540
12 35 526
12 36 300
12 37 185
12 38 894
12 39 274
12 40 898
12 41 221
12 42 493
12 43 559
12 44 342
12 45 41
12 46 308
12 47 947
12 48 425
12 49 287
12 51 936
12 52 847
12 53 27
12 54 105
12 55 937
12 56 19
12 57 35
12 58 144
12 59 741
12 60 251
12 61 703
12 62 359
12 63 980
12 64 318
12 65 986
12 66 939
12 67 111
12 69 105
12 70 792
12 71 388
12 72 724
12 73 735
12 74 797
12 76 333
12 77 368
12 78 944
12 79 84
12 80 854
12 81 805
12 83 262
12 84 204
12 85 209
12 86 496
12 88 324
12 89 980
12 90 198
12 91 381
12 92 566
12 93 143
12 94 161
12 95 55
12 96 222
12 97 268
12 98 713
12 99 554
12 100 527
13 15 927
13 16 420
13 19 195
13 22 498
13 26 466
13 29 8
13 30 393
13 31 296
13 36 349
13 40 469
13 43 830
13 47 228
13 50 826
13 57 378
13 64 488
13 68 181
13 70 629
13 75 582
13 77 523
13 80 328
13 85 982
13 86 740
13 87 313
13 90 53
13 92 53
13 95 678
13 97 461
13 98 727
14 15 960
14 16 896
14 17 653
14 18 441
14 19 178
14 22 578
14 23 550
14 24 621
14 29 318
14 30 78
14 31 89
14 35 158
14 37 931
14 38 947
14 40 452
14 43 171
14 45 601
14 47 407
14 51 618
14 55 152
14 56 753
14 57 16
14 65 588
14 66 703
14 68 852
14 69 963
14 71 85
14 72 832
14 74 273
14 77 236
14 81 887
14 84 118
14 87 914
14 89 393
14 91 202
14 93 432
14 94 235
14 95 583
14 98 295
15 16 757
15 17 809
15 24 658
15 25 195
15 27 597
15 28 49
15 30 30
15 32 310
15 33 582
15 34 726
15 35 632
15 36 264
15 38 798
15 44 363
15 46 776
15 48 898
15 50 186
15 51 904
15 58 773
15 60 900
15 61 422
15 62 94
15 63 960
15 66 675
15 67 582
15 69 580
15 71 261
15 72 865
15 73 696
15 74 371
15 75 721
15 76 880
15 77 149
15 78 171
15 79 657
15 80 877
15 81 556
15 82 124
15 83 453
15 84 23
15 85 375
15 87 757
15 88 880
15 89 304
15 91 37
15 93 792
15 95 426
15 96 918
15 98 53
15 100 873
16 18 911
16 29 237
16 45 814
16 46 258
16 48 109
16 71 534
16 72 225
16 76 897
16 79 409
16 87 267
16 88 174
16 91 558
17 20 461
17 24 275
17 25 939
17 27 613
17 31 344
17 34 484
17 39 176
17 41 843
17 43 439
17 46 915
17 51 976
17 55 621
17 56 736
17 62 456
17 72 735
17 75 551
17 76 558
17 77 712
17 78 821
17 81 482
17 83 343
17 87 577
17 91 639
18 19 946
18 20 268
18 22 430
18 23 621
18 24 791
18 25 709
18 26 133
18 27 583
18 28 306
18 30 40
18 32 639
18 33 581
18 34 987
18 37 952
18 38 116
18 39 77
18 40 697
18 44 106
18 45 358
18 46 630
18 47 631
18 50 95
18 51 54
18 52 564
18 53 499
18 54 140
18 56 5
18 57 152
18 58 198
18 60 830
18 61 549
18 62 901
18 63 273
18 64 281
18 65 84
18 66 245
18 67 471
18 70 177
18 71 607
18 72 980
18 73 941
18 75 83
18 76 271
18 78 206
18 80 787
18 83 718
18 84 492
18 87 397
18 88 336
18 89 232
18 91 410
18 92 882
18 93 507
18 95 178
18 96 596
18 97 569
18 98 640
18 99 448
18 100 178
19 20 28
19 21 786
19 22 406
19 23 857
19 24 656
19 25 622
19 26 305
19 27 77
19 29 971
19 30 936
19 31 712
19 32 984
19 33 316
19 34 199
19 36 709
19 37 874
19 38 578
19 39 681
19 40 941
19 41 772
19 42 257
19 43 873
19 44 481
19 45 41
19 46 723
19 47 373
19 48 384
19 49 487
19 50 926
19 51 412
19 52 382
19 53 410
19 54 230
19 55 538
19 57 330
19 58 999
19 59 329
19 60 420
19 62 309
19 64 896
19 66 642
19 67 124
19 68 935
19 69 384
19 70 375
19 72 708
19 73 993
19 74 200
19 75 779
19 76 443
19 77 446
19 78 924
19 79 329
19 80 943
19 81 944
19 82 527
19 83 51
19 84 982
19 85 295
19 86 566
19 87 488
19 88 308
19 89 804
19 90 495
19 91 590
19 92 306
19 93 430
19 94 880
19 95 762
19 96 363
19 98 336
19 99 159
19 100 65
20 21 296
20 22 62
20 24 159
20 25 778
20 26 54
20 34 529
20 36 350
20 37 775
20 38 90
20 40 801
20 41 912
20 42 137
20 44 165
20 46 283
20 47 900
20 51 500
20 52 259
20 56 283
20 57 625
20 58 861
20 59 508
20 60 50
20 62 11
20 63 22
20 64 210
20 65 366
20 66 488
20 67 493
20 68 12
20 69 606
20 71 271
20 74 30
20 75 675
20 77 184
20 79 389
20 80 807
20 82 365
20 83 648
20 84 991
20 85 169
20 86 176
20 87 520
20 88 545
20 89 685
20 90 639
20 91 689
20 92 636
20 93 440
20 94 633
20 96 294
20 97 302
20 99 320
21 28 459
21 31 594
21 35 803
21 68 515
21 75 554
21 86 812
21 88 665
21 100 870
22 28 561
22 30 639
22 31 398
22 33 168
22 38 874
22 40 989
22 43 151
22 44 767
22 45 897
22 53 190
22 54 889
22 58 332
22 62 449
22 66 323
22 67 342
22 68 253
22 70 689
22 73 44
22 75 199
22 76 465
22 78 200
22 80 227
22 82 671
22 83 829
22 84 674
22 85 921
22 86 957
22 87 123
22 90 730
22 93 314
22 94 194
22 96 417
23 32 529
23 35 545
23 51 327
23 55 885
23 60 623
23 69 926
23 71 891
23 86 662
23 90 73
23 96 312
24 25 762
24 26 978
24 27 81
24 30 248
24 35 382
24 37 516
24 38 240
24 44 749
24 45 39
24 46 187
24 48 324
24 49 788
24 50 476
24 56 370
24 57 9
24 58 992
24 59 536
24 60 402
24 61 843
24 62 648
24 64 80
24 67 122
24 68 844
24 69 229
24 70 703
24 78 470
24 79 739
24 83 155
24 84 416
24 86 565
24 90 453
24 94 728
24 95 960
24 97 909
25 26 383
25 27 883
25 28 233
25 29 28
25 30 80
25 32 833
25 33 605
25 34 809
25 35 350
25 36 269
25 38 751
25 41 161
25 42 792
25 44 286
25 45 525
25 46 988
25 49 949
25 50 679
25 51 575
25 53 371
25 54 160
25 55 794
25 58 185
25 59 519
25 60 415
25 61 70
25 62 238
25 64 612
25 65 955
25 68 929
25 69 526
25 72 905
25 76 234
25 77 794
25 78 275
25 80 391
25 81 102
25 83 165
25 84 904
25 85 502
25 86 120
25 87 721
25 88 505
25 89 499
25 90 137
25 91 321
25 92 684
25 93 836
25 97 231
25 99 680
26 30 12
26 32 496
26 34 164
26 38 774
26 48 400
26 49 485
26 50 938
26 52 372
26 56 4
26 60 51
26 61 397
26 62 865
26 63 308
26 67 128
26 69 816
26 70 233
26 72 294
26 74 809
26 77 699
26 79 259
26 81 136
26 85 911
26 88 923
26 89 292
26 90 540
26 92 645
26 93 874
26 95 47
26 99 883
26 100 592
27 34 248
27 40 815
27 41 16
27 43 953
27 47 363
27 49 557
27 55 866
27 56 776
27 60 143
27 61 30
27 62 295
27 64 449
27 65 344
27 70 974
27 73 777
27 74 631
27 81 212
27 88 163
27 91 336
28 33 904
28 34 297
28 53 951
28 54 736
28 63 785
28 67 659
28 71 153
28 77 847
28 80 628
28 85 117
28 89 397
29 31 279
29 32 291
29 33 263
29 41 257
29 43 101
29 47 270
29 51 797
29 54 482
29 56 712
29 60 640
29 63 791
29 69 969
29 76 221
29 77 489
29 80 851
29 83 502
29 87 488
29 88 958
29 89 312
29 97 845
29 100 663
30 31 627
30 32 95
30 34 236
30 36 924
30 37 357
30 42 867
30 45 682
30 47 425
30 49 541
30 50 347
30 51 593
30 55 453
30 57 242
30 58 965
30 61 595
30 63 890
30 64 200
30 65 127
30 66 44
30 67 211
30 68 224
30 69 715
30 71 43
30 72 170
30 76 59
30 77 236
30 78 184
30 79 591
30 80 624
30 81 307
30 82 781
30 86 957
30 87 595
30 88 634
30 89 667
30 90 969
30 91 421
30 92 907
30 93 130
30 94 965
30 97 720
30 98 98
31 32 31
31 36 616
31 37 767
31 38 649
31 39 138
31 40 257
31 41 247
31 43 529
31 45 693
31 46 869
31 48 421
31 50 961
31 52 52
31 56 415
31 63 600
31 68 433
31 71 107
31 73 218
31 77 505
31 78 318
31 82 893
31 84 386
31 85 77
31 86 79
31 90 909
31 92 644
31 94 587
31 95 269
31 99 80
32 35 724
32 36 588
32 40 147
32 41 758
32 42 686
32 43 15
32 44 480
32 46 277
32 48 132
32 49 270
32 52 443
32 54 430
32 56 760
32 57 875
32 58 60
32 59 620
32 61 424
32 63 86
32 66 660
32 68 891
32 69 73
32 70 299
32 71 17
32 72 308
32 73 915
32 74 951
32 75 199
32 79 105
32 81 156
32 83 95
32 84 564
32 86 540
32 87 200
32 88 250
32 91 855
32 92 987
32 93 386
32 94 261
32 95 130
32 96 929
32 98 85
32 100 227
33 36 313
33 38 798
33 42 828
33 53 780
33 56 244
33 58 191
33 61 64
33 65 897
33 67 145
33 68 917
33 70 601
33 75 530
33 83 581
33 88 704
33 91 326
33 92 744
33 97 178
34 37 68
34 38 257
34 40 624
34 46 610
34 48 334
34 49 77
34 51 586
34 52 332
34 53 938
34 54 470
34 55 345
34 56 345
34 58 273
34 60 537
34 61 121
34 62 494
34 63 28
34 64 129
34 65 506
34 66 460
34 67 120
34 69 886
34 70 823
34 71 543
34 72 105
34 73 680
34 75 583
34 76 473
34 77 541
34 78 599
34 79 150
34 80 191
34 81 895
34 83 436
34 84 386
34 88 993
34 89 157
34 91 762
34 94 194
34 95 954
34 97 194
34 98 466
34 99 707
35 36 722
35 38 548
35 39 367
35 40 15
35 41 862
35 42 866
35 43 674
35 44 965
35 45 741
35 47 946
35 48 984
35 54 62
35 56 282
35 57 824
35 59 381
35 60 60
35 62 578
35 64 871
35 65 199
35 66 674
35 68 182
35 70 333
35 72 889
35 73 295
35 74 660
35 76 647
35 77 496
35 79 694
35 81 491
35 85 46
35 87 233
35 90 600
35 91 82
35 92 502
35 94 862
35 95 187
35 96 382
35 100 248
36 37 996
36 38 669
36 39 573
36 41 646
36 42 67
36 43 285
36 44 442
36 45 210
36 46 191
36 47 5
36 49 262
36 51 276
36 52 737
36 53 362
36 54 239
36 56 603
36 58 853
36 59 106
36 60 752
36 61 116
36 62 420
36 63 705
36 64 601
36 65 310
36 66 808
36 67 541
36 68 343
36 69 628
36 71 615
36 72 735
36 74 934
36 75 710
36 76 913
36 77 77
36 78 337
36 80 93
36 81 313
36 82 968
36 84 460
36 85 508
36 87 218
36 88 958
36 89 747
36 90 291
36 91 651
36 92 324
36 93 600
36 94 497
36 95 965
36 97 708
36 98 349
36 100 816
37 44 24
37 51 125
37 59 758
37 62 217
37 76 588
37 86 174
37 96 508
37 97 472
37 98 477
38 40 421
38 42 30
38 44 625
38 47 717
38 48 276
38 49 866
38 52 679
38 53 793
38 55 558
38 56 316
38 58 564
38 60 93
38 63 368
38 64 737
38 65 220
38 67 658
38 68 226
38 72 569
38 73 30
38 76 384
38 80 712
38 81 982
38 85 871
38 88 973
38 89 643
38 91 749
38 93 676
38 99 697
38 100 121
39 40 906
39 41 558
39 42 265
39 43 380
39 44 687
39 47 219
39 48 142
39 49 678
39 50 801
39 53 866
39 57 624
39 58 825
39 59 68
39 60 782
39 61 367
39 63 753
39 66 807
39 67 727
39 69 20
39 70 625
39 71 209
39 72 600
39 73 265
39 74 721
39 75 981
39 76 72
39 77 506
39 78 468
39 79 36
39 81 292
39 82 225
39 83 614
39 84 986
39 85 617
39 86 487
39 87 844
39 92 496
39 93 331
39 97 748
39 98 688
39 99 587
39 100 661
40 81 91
40 85 91
41 42 761
41 43 35
41 44 420
41 45 638
41 46 476
41 48 873
41 49 388
41 50 855
41 51 174
41 52 110
41 54 750
41 55 713
41 56 885
41 57 709
41 58 812
41 59 792
41 60 13
41 61 450
41 62 105
41 63 624
41 64 449
41 68 773
41 72 272
41 74 642
41 75 654
41 77 239
41 78 67
41 79 22
41 80 139
41 83 933
41 84 710
41 85 187
41 87 723
41 90 960
41 91 958
41 92 984
41 93 270
41 95 606
41 96 881
41 97 72
41 99 175
42 45 794
42 47 94
42 48 613
42 53 168
42 54 408
42 56 854
42 59 936
42 61 60
42 62 933
42 63 380
42 64 632
42 66 319
42 68 734
42 70 413
42 71 545
42 72 757
42 73 589
42 74 174
42 78 819
42 79 849
42 83 36
42 85 847
42 87 7
42 89 586
42 90 259
42 91 650
42 95 762
42 97 223
42 98 419
42 100 485
43 44 576
43 45 605
43 47 902
43 48 418
43 49 754
43 50 682
43 51 328
43 52 444
43 55 86
43 57 373
43 59 88
43 61 657
43 69 535
43 72 282
43 76 430
43 79 23
43 82 117
43 83 341
43 93 383
43 95 835
43 97 657
43 100 675
44 45 667
44 47 297
44 49 106
44 50 891
44 51 327
44 52 790
44 54 287
44 56 180
44 58 888
44 61 446
44 62 86
44 64 391
44 65 927
44 67 298
44 73 360
44 74 869
44 76 889
44 78 170
44 79 452
44 81 864
44 82 802
44 83 6
44 84 920
44 85 852
44 87 606
44 88 229
44 89 595
44 93 140
44 95 80
44 96 82
44 97 516
44 98 875
44 99 386
45 46 95
45 47 158
45 48 890
45 49 195
45 51 234
45 52 616
45 53 611
45 54 863
45 55 232
45 57 968
45 59 98
45 61 661
45 62 972
45 63 852
45 65 939
45 67 891
45 68 423
45 69 292
45 70 782
45 73 467
45 75 474
45 78 992
45 82 48
45 84 59
45 85 540
45 86 760
45 87 857
45 92 966
45 93 625
45 94 129
45 95 531
45 96 761
45 98 88
45 100 996
46 49 287
46 52 519
46 53 364
46 55 796
46 56 205
46 58 53
46 63 443
46 65 514
46 66 489
46 67 734
46 70 332
46 75 537
46 76 651
46 80 204
46 84 913
46 88 2
46 89 492
46 92 452
46 93 69
46 94 297
47 48 637
47 49 904
47 50 241
47 51 475
47 52 861
47 53 461
47 54 611
47 55 481
47 56 893
47 57 928
47 61 736
47 62 424
47 64 797
47 65 583
47 67 178
47 68 679
47 69 616
47 70 819
47 71 172
47 74 37
47 75 723
47 76 538
47 79 573
47 80 892
47 82 945
47 83 761
47 88 655
47 90 148
47 91 366
47 93 278
47 94 131
47 97 269
47 98 522
47 99 919
48 50 308
48 51 607
48 52 949
48 53 718
48 54 492
48 55 340
48 56 778
48 57 1
48 58 609
48 59 678
48 60 890
48 62 182
48 63 709
48 65 112
48 66 821
48 67 134
48 68 876
48 69 141
48 70 237
48 71 451
48 72 415
48 73 386
48 74 487
48 75 948
48 76 394
48 77 35
48 78 416
48 79 917
48 80 434
48 82 692
48 83 834
48 84 745
48 86 166
48 87 184
48 88 378
48 89 770
48 91 86
48 92 903
48 93 690
48 94 693
48 95 64
48 96 566
48 97 271
48 98 454
48 99 521
48 100 940
49 50 367
49 51 20
49 53 914
49 54 486
49 55 637
49 56 489
49 57 777
49 58 374
49 59 294
49 60 219
49 61 179
49 62 693
49 63 252
49 64 647
49 66 997
49 67 454
49 68 5
49 69 77
49 70 715
49 71 356
49 72 745
49 73 403
49 76 125
49 77 657
49 78 198
49 81 81
49 84 610
49 85 893
49 86 260
49 87 382
49 88 889
49 89 784
49 90 389
49 91 147
49 92 965
49 94 98
49 95 277
49 96 172
49 100 574
50 51 967
50 55 776
50 56 604
50 57 364
50 60 900
50 61 694
50 62 912
50 65 779
50 66 427
50 70 669
50 72 2
50 73 817
50 74 732
50 75 530
50 91 681
50 92 546
50 93 939
50 97 450
50 98 765
51 52 275
51 55 654
51 56 452
51 58 184
51 59 127
51 60 63
51 61 388
51 62 705
51 63 64
51 64 338
51 65 49
51 66 79
51 67 26
51 68 414
51 69 46
51 70 223
51 74 447
51 75 223
51 77 272
51 81 969
51 82 899
51 83 169
51 84 10
51 85 975
51 86 352
51 88 991
51 89 625
51 90 942
51 91 771
51 92 807
51 94 783
51 96 685
51 97 386
51 98 409
51 99 90
52 54 517
52 65 170
52 70 159
52 76 854
52 77 414
52 78 276
52 79 183
52 81 444
52 83 663
52 85 681
52 87 462
52 88 629
52 90 863
52 93 947
52 95 653
52 98 585
52 99 169
53 56 982
53 57 818
53 58 983
53 69 982
53 82 287
53 85 345
53 90 962
53 95 984
54 56 138
54 57 738
54 58 540
54 59 498
54 60 627
54 61 47
54 62 471
54 63 504
54 65 749
54 68 137
54 69 809
54 70 739
54 71 917
54 72 351
54 75 130
54 77 582
54 78 3
54 80 997
54 82 15
54 83 680
54 84 860
54 85 504
54 87 237
54 89 657
54 90 482
54 93 880
54 94 462
54 95 848
54 97 49
54 98 258
55 67 993
55 72 563
55 75 251
55 77 202
55 80 777
55 83 607
55 89 932
55 91 386
55 93 604
55 95 593
55 100 883
56 57 962
56 59 668
56 61 841
56 62 729
56 63 760
56 64 259
56 65 386
56 66 547
56 67 972
56 68 507
56 70 576
56 75 806
56 76 558
56 77 382
56 78 168
56 79 761
56 80 110
56 81 457
56 82 187
56 83 821
56 84 418
56 85 424
56 86 79
56 87 622
56 88 766
56 89 382
56 90 163
56 91 262
56 92 168
56 93 611
56 95 909
56 96 701
56 97 484
56 98 179
56 99 944
56 100 886
57 73 416
57 76 132
57 84 636
57 85 487
58 60 713
58 62 672
58 63 466
58 64 513
58 66 820
58 69 415
58 71 416
58 72 280
58 73 687
58 74 633
58 75 313
58 76 480
58 79 230
58 80 146
58 83 891
58 87 654
58 89 792
58 92 627
58 93 728
58 97 857
58 99 829
59 66 320
59 69 114
59 71 291
59 78 611
59 79 257
59 83 355
59 90 849
59 96 904
59 99 567
59 100 238
60 62 509
60 63 107
60 64 285
60 66 244
60 67 607
60 68 320
60 69 974
60 70 742
60 71 113
60 72 297
60 73 441
60 74 45
60 75 394
60 76 63
60 77 970
60 78 627
60 79 642
60 80 451
60 81 314
60 83 932
60 84 161
60 85 234
60 86 563
60 87 579
60 88 243
60 89 739
60 90 927
60 91 126
60 93 789
60 94 892
60 95 110
60 97 898
60 98 241
60 99 272
60 100 310
61 67 662
61 69 715
61 70 147
61 71 196
61 72 537
61 74 682
61 75 254
61 76 915
61 80 460
61 81 908
61 82 569
61 84 459
61 85 390
61 87 245
61 89 776
61 90 827
61 92 551
61 96 761
61 98 626
61 99 40
62 64 253
62 65 666
62 66 280
62 67 952
62 69 429
62 70 502
62 71 949
62 72 968
62 73 435
62 74 294
62 75 24
62 76 830
62 77 339
62 79 34
62 82 296
62 83 417
62 88 834
62 89 17
62 90 871
62 91 546
62 92 16
62 93 223
62 94 459
62 99 680
63 64 327
63 65 992
63 68 155
63 69 734
63 71 113
63 72 672
63 74 502
63 75 613
63 76 110
63 77 518
63 78 688
63 79 25
63 84 897
63 85 395
63 86 164
63 87 997
63 90 765
63 91 192
63 92 773
63 93 785
63 94 56
63 96 823
63 97 398
63 99 840
63 100 571
64 66 11
64 67 141
64 68 854
64 85 386
64 87 528
65 66 742
65 68 911
65 69 375
65 70 676
65 71 420
65 72 277
65 73 716
65 75 923
65 76 385
65 77 61
65 78 351
65 79 395
65 80 505
65 81 577
65 82 574
65 85 759
65 86 456
65 88 144
65 89 987
65 91 544
65 92 64
65 93 421
65 94 382
65 95 88
65 97 321
65 98 357
65 99 623
65 100 221
66 67 903
66 68 519
66 69 366
66 70 84
66 71 940
66 72 872
66 73 862
66 74 525
66 75 424
66 76 922
66 77 159
66 78 12
66 79 424
66 80 643
66 83 231
66 84 924
66 85 379
66 86 762
66 87 426
66 90 1000
66 91 248
66 92 13
66 93 839
66 94 789
66 95 739
66 96 126
66 97 772
66 98 684
66 99 155
66 100 819
67 69 321
67 73 760
67 77 570
67 82 268
67 84 699
67 88 391
67 90 517
67 91 818
67 92 390
67 93 552
67 94 969
67 95 241
67 97 474
67 100 421
68 72 675
68 77 515
68 78 23
68 88 284
68 94 799
69 71 665
69 72 224
69 74 476
69 76 788
69 77 743
69 80 504
69 81 907
69 82 741
69 83 625
69 85 264
69 86 249
69 87 550
69 88 451
69 90 869
69 92 113
69 93 809
69 94 501
69 95 600
69 99 826
70 72 680
70 73 229
70 74 932
70 75 514
70 76 235
70 77 486
70 78 755
70 79 928
70 80 630
70 81 748
70 83 888
70 84 327
70 85 931
70 86 576
70 87 648
70 88 508
70 89 207
70 91 323
70 93 158
70 94 92
70 95 79
70 96 902
70 97 613
70 99 935
71 72 247
71 73 508
71 74 85
71 75 149
71 77 618
71 78 964
71 79 356
71 80 954
71 81 246
71 84 879
71 85 388
71 86 115
71 87 981
71 88 268
71 89 393
71 92 282
71 93 828
71 94 569
71 95 539
71 96 303
71 98 296
71 99 252
71 100 641
72 73 235
72 74 140
72 75 418
72 76 818
72 77 355
72 78 171
72 79 441
72 80 758
72 81 106
72 82 820
72 83 815
72 84 118
72 85 323
72 86 937
72 87 198
72 89 720
72 90 868
72 91 855
72 92 563
72 93 205
72 94 405
72 95 165
72 96 611
72 97 764
72 98 272
72 99 955
72 100 424
73 74 962
73 75 330
73 78 394
73 79 137
73 81 628
73 88 631
73 90 76
73 95 946
73 99 635
74 75 343
74 77 293
74 78 857
74 79 87
74 80 234
74 81 662
74 82 228
74 90 733
74 95 982
74 97 747
74 99 209
75 76 289
75 79 534
75 82 22
75 83 545
75 87 271
75 92 158
75 96 692
76 77 818
76 78 589
76 79 980
76 80 345
76 82 158
76 84 788
76 85 932
76 86 297
76 87 82
76 88 303
76 89 947
76 90 440
76 91 104
76 92 845
76 93 949
76 94 895
76 95 444
76 97 263
76 99 82
76 100 970
77 78 27
77 80 409
77 81 204
77 82 545
77 84 384
77 85 489
77 87 52
77 88 326
77 90 107
77 92 960
77 93 694
77 94 728
77 96 494
77 98 261
77 99 447
78 79 653
78 80 299
78 82 261
78 83 18
78 85 467
78 87 47
78 88 902
78 92 975
78 93 507
78 94 326
78 95 72
78 96 134
78 97 594
78 98 413
78 99 279
78 100 833
79 81 874
79 85 34
79 86 217
79 87 626
79 88 95
79 92 585
79 94 780
80 83 154
80 84 909
80 85 187
80 86 485
80 87 903
80 88 708
80 89 655
80 90 236
80 91 364
80 92 575
80 93 195
80 95 94
80 96 485
80 98 460
81 83 268
81 84 857
81 85 155
81 86 750
81 88 368
81 89 498
81 90 335
81 91 262
81 95 494
81 96 819
81 98 503
82 85 858
82 86 875
82 87 732
82 90 138
82 92 856
82 95 732
82 96 346
82 99 962
82 100 461
83 84 921
83 85 372
83 86 826
83 87 959
83 88 746
83 91 424
83 92 839
83 93 417
83 94 370
83 95 93
83 96 613
83 97 191
83 98 785
83 99 676
83 100 117
84 85 204
84 86 918
84 87 470
84 88 807
84 89 576
84 90 695
84 91 787
84 92 979
84 93 864
84 94 886
84 95 546
84 96 705
84 97 827
84 98 287
84 99 74
84 100 964
85 87 171
85 91 293
85 96 810
85 97 968
85 99 829
85 100 676
86 90 908
86 91 257
86 93 421
86 98 424
87 88 125
87 89 485
87 90 812
87 91 855
87 92 261
87 93 957
87 94 232
87 95 229
87 97 829
87 98 860
87 99 265
87 100 249
88 89 329
88 90 444
88 91 799
88 92 616
88 93 221
88 94 453
88 95 377
88 96 550
88 97 935
88 98 718
88 99 35
88 100 438
89 90 282
89 92 431
89 93 963
89 94 666
89 95 52
89 96 550
89 97 145
89 98 292
89 99 107
89 100 754
90 92 741
90 97 580
91 93 128
91 94 437
91 99 442
92 93 682
92 94 849
92 95 341
92 96 8
92 97 255
92 98 589
92 99 715
92 100 372
93 95 412
93 99 348
94 96 6
94 98 548
94 99 337
95 96 228
95 97 185
95 98 765
95 99 939
95 100 26
96 97 186
96 98 359
97 98 894
97 99 799
98 99 169
98 100 819
99 100 101
